0.018089 0.5
0 0.0100173
0 0.0579532
0 0.0212356
0 0.0537811
0 0.0790381
0 0.0214055
0 0.0633456
0 0.030568
0 0.0419904
0 0.0396094
0 0.0100125
0 0.075591
0 1.16856
0.5 939.86
-316.228 -246.039
-4.35207e-14 37.5235
-16.9107 18.6552
-15.9594 10.6001
-11.5333 7.09025
-9.28334 16.8574
-4.82705 10.6647
-10.9399 9.54701
-11.0918 8.33215
-5.41185 6.30761
-5.32639e-14 -3.74789e-14
-6.30761 5.41185
-8.33215 11.0918
-9.54701 10.9399
-10.6647 4.82705
-16.8574 9.28334
-7.09025 11.5333
-10.6001 15.9594
-18.6552 16.9107
-37.5235 -9.85434e-13
0 0.000926781
0 0.0198242
0 0.0198242
