data/deep_blue.wav 0 0.605303 0.0225349 0.00818595 0.0144566 0.0038809 0.0141022 0.0229375 0.00240557 0.00395253 0.00960322 0.00592054 0.0150359 0.00578038 0.26348 0.140898 0.0591403 0.136496 0.583371 0.686575 0.67202 0.365082 0.316878 0.543163 0.585793 0.480259 0.0842699 0.519741 0.414207 0.456837 0.683122 0.634918 0.32798 0.313425 0.416629 0.863504 0.0197962 0 0 
data/deep_blue.wav 1.81406 0 0.0908279 0.0298051 0.0754262 0.0253996 0.0774472 0.1607 0.0114103 0.0159409 0.0357541 0.040807 0.0780743 0.0181098 0.157146 0.783802 0.227742 0.504929 0.895976 0.975197 0.920809 0.470253 0.449542 0.63991 0.679078 0.576289 0.127615 0.423711 0.320922 0.36009 0.550458 0.529747 0.0791906 0.0248032 0.104024 0.495071 0.139312 0 0 
data/deep_blue.wav 3.62812 0.0353156 0.294739 0.150333 0.134071 0.0380877 0.119319 0.236519 0.0238616 0.0502647 0.0949591 0.0863906 0.164809 0.0501429 0.522538 0.368295 0.400447 0.73342 0.940451 0.807726 0.633848 0.338633 0.326849 0.542425 0.550953 0.426557 0.106715 0.573443 0.449047 0.457575 0.673151 0.661367 0.366152 0.192274 0.0595486 0.26658 0.194827 0 0 
data/deep_blue.wav 5.44215 0.046836 0.0875283 0.0234757 0.0815023 0.0342302 0.214628 0.103654 0.00910961 0.0208626 0.0631511 0.0229345 0.060581 0.0456701 0.311504 0.6891 0.396358 0.788714 0.956914 0.815553 0.661238 0.353065 0.299949 0.506003 0.538035 0.439366 0.091644 0.560634 0.461965 0.493997 0.700051 0.646935 0.338762 0.184447 0.0430862 0.211286 0.196447 0.00492612 0.00492612 
data/deep_blue.wav 7.25621 0.0148314 0.0699884 0.0218285 0.0371869 0.0193592 0.0841986 0.0617916 0.00538631 0.0250838 0.0352626 0.0375098 0.0683738 0.0184637 0.311562 0.745712 0.246606 0.551436 0.911373 0.944847 0.82419 0.378981 0.272323 0.49894 0.547353 0.444632 0.0831232 0.555368 0.452647 0.50106 0.727677 0.621019 0.17581 0.0551528 0.088627 0.448564 0.113308 0 0 
data/deep_blue.wav 9.07027 0.00222717 0.117986 0.0435705 0.0779921 0.0261614 0.0753151 0.14786 0.0118443 0.0414446 0.0631118 0.0987028 0.17077 0.0222553 0.238047 0.470356 0.267022 0.566392 0.92116 0.948063 0.826168 0.398514 0.369966 0.621736 0.689255 0.599509 0.142857 0.400491 0.310745 0.378264 0.630034 0.601486 0.173832 0.051937 0.0788396 0.433608 0.150508 0 0 
data/deep_blue.wav 10.8843 0.0418115 0.253467 0.126683 0.122155 0.0352946 0.079164 0.219562 0.0173234 0.0355404 0.139196 0.0833408 0.1532 0.0397225 0.411465 0.258561 0.387568 0.719957 0.888579 0.722625 0.554141 0.316907 0.325024 0.564942 0.595192 0.486339 0.116053 0.513661 0.404808 0.435058 0.674976 0.683093 0.445859 0.277375 0.111421 0.280043 0.159622 0.00492612 0.00492612 
data/deep_blue.wav 12.6984 0.0815078 0.247103 0.0270425 0.0501954 0.121667 0.0295547 0.0615916 0.0132492 0.0539721 0.348511 0.0518395 0.0818579 0.00955329 0.584681 0.432321 0.4391 0.80335 0.812225 0.552353 0.449459 0.32731 0.343902 0.539931 0.560174 0.458781 0.124954 0.541219 0.439826 0.460069 0.656098 0.67269 0.550541 0.447647 0.187775 0.19665 0.175331 0.00492612 0.00492612 
data/deep_blue.wav 14.5125 0.0337917 0.0461904 0.00743709 0.0159803 0.0162807 0.00493106 0.013885 0.00220781 0.0199862 0.102587 0.0152521 0.0154237 0.00274429 0.296539 0.673162 0.175426 0.402596 0.773075 0.807741 0.715892 0.352403 0.259891 0.478052 0.507251 0.389516 0.0550713 0.610484 0.492749 0.521948 0.740109 0.647597 0.284108 0.192259 0.226925 0.597404 0.0606437 0.00492612 0.00492612 
data/deep_blue.wav 16.3265 0.00610445 0.0650582 0.0228044 0.037625 0.0102119 0.0370383 0.153341 0.153855 0.111964 0.030531 0.13349 0.116875 0.0047195 0.525916 0.419133 0.300232 0.631372 0.977788 1 0.855298 0.367838 0.201639 0.416716 0.455816 0.346042 0.066899 0.653958 0.544184 0.583284 0.798361 0.632162 0.144702 0 0.0222123 0.368628 0.175038 0.00492612 0.00492612 
data/deep_blue.wav 18.1406 0.0820801 0.158625 0.117977 0.10765 0.0781317 0.0977532 0.174415 0.241074 0.116435 0.055536 0.169067 0.440135 0.035087 0.651278 0.369075 0.502572 0.847272 0.898557 0.633696 0.494806 0.295058 0.265501 0.514745 0.574803 0.506931 0.170016 0.493069 0.425197 0.485255 0.734499 0.704942 0.505194 0.366304 0.101443 0.152728 0.230714 0 0 
data/deep_blue.wav 19.9546 0.0828638 0.214676 0.064912 0.145492 0.065343 0.250087 0.141816 0.051525 0.0545266 0.1783 0.076493 0.129137 0.0818001 0.584839 0.389703 0.516762 0.890008 0.909655 0.633144 0.510191 0.333582 0.320658 0.510656 0.531674 0.443023 0.139227 0.556977 0.468326 0.489344 0.679342 0.666418 0.489809 0.366856 0.090345 0.109992 0.25773 0.0197045 0.0197045 
data/deep_blue.wav 21.7687 0.0617332 0.10901 0.0242494 0.0647257 0.0506408 0.129301 0.0620056 0.0109403 0.0241867 0.0621699 0.0303887 0.0709442 0.0408202 0.531773 0.428825 0.342532 0.690498 0.872195 0.745908 0.603346 0.32101 0.268723 0.508963 0.559867 0.470237 0.106158 0.529763 0.440133 0.491037 0.731277 0.67899 0.396654 0.254092 0.127805 0.309502 0.138527 0.0246306 0.0246306 
data/deep_blue.wav 23.5828 0.0284567 0.15644 0.0567875 0.0588385 0.0561391 0.0179124 0.106533 0.198225 0.0392152 0.0895047 0.065817 0.225164 0.0291703 0.471133 0.416188 0.388266 0.764108 0.959745 0.79996 0.534801 0.244348 0.227846 0.547494 0.605797 0.494914 0.119557 0.505086 0.394203 0.452506 0.772154 0.755652 0.465199 0.20004 0.0402549 0.235892 0.176995 0 0 
data/deep_blue.wav 25.3968 0.0995447 0.228457 0.110604 0.0958103 0.0620075 0.0533664 0.138812 0.311171 0.0648557 0.0594567 0.0558635 0.372426 0.0836458 0.603569 0.325826 0.499466 0.865191 0.889591 0.554116 0.326127 0.229944 0.312096 0.577324 0.558905 0.403124 0.120805 0.596876 0.441095 0.422676 0.687904 0.770056 0.673873 0.445884 0.110409 0.134809 0.244873 0.0197045 0.0197045 
data/deep_blue.wav 27.2109 0.0966452 0.383503 0.0266798 0.0802129 0.129136 0.0338466 0.0653795 0.0264964 0.119497 0.435099 0.0478386 0.137908 0.0337777 0.747853 0.469578 0.492869 0.842539 0.790974 0.5103 0.474364 0.369267 0.375261 0.50693 0.493383 0.382475 0.142148 0.617525 0.506617 0.49307 0.624739 0.630733 0.525636 0.4897 0.209026 0.157461 0.205686 0.00492612 0.00492612 
data/deep_blue.wav 29.0249 0.0339639 0.164347 0.029642 0.0565701 0.0474944 0.0330107 0.0627881 0.0131979 0.0485518 0.180816 0.0488233 0.0667932 0.0143503 0.586561 0.491265 0.305689 0.63113 0.889313 0.80296 0.608129 0.291597 0.245549 0.517204 0.56077 0.446486 0.0888058 0.553514 0.43923 0.482796 0.754451 0.708403 0.391871 0.19704 0.110687 0.36887 0.113631 0.0246306 0.0246306 
data/deep_blue.wav 30.839 0.0137984 0.104682 0.0345039 0.0507017 0.0274766 0.0580725 0.201492 0.220801 0.114436 0.0578406 0.185195 0.15224 0.00917103 0.456312 0.548104 0.391942 0.74165 0.991264 0.916018 0.740991 0.366747 0.309111 0.490434 0.470164 0.313475 0.0742477 0.686525 0.529836 0.509566 0.690889 0.633253 0.259009 0.0839824 0.0087359 0.25835 0.242139 0 0 
data/deep_blue.wav 32.6531 0.0853375 0.186139 0.138911 0.110712 0.0514694 0.060003 0.241505 0.389148 0.153701 0.0550664 0.165459 0.562738 0.0183786 0.421218 0.472581 0.558806 0.920946 0.924917 0.605657 0.469375 0.324484 0.363524 0.571839 0.566958 0.455797 0.158194 0.544203 0.433042 0.428161 0.636476 0.675516 0.530625 0.394343 0.0750832 0.0790545 0.300411 0.00492612 0.00492612 
data/deep_blue.wav 34.4671 0.0598498 0.20843 0.0541052 0.100354 0.106877 0.159007 0.192387 0.155693 0.133505 0.235115 0.116223 0.187983 0.0605268 0.696785 0.307725 0.515252 0.858864 0.928614 0.65377 0.46324 0.318322 0.387968 0.567335 0.510783 0.337182 0.0974786 0.662818 0.489217 0.432665 0.612032 0.681678 0.53676 0.34623 0.0713858 0.141136 0.272745 0.0147784 0.0147784 
data/deep_blue.wav 36.2812 0.0548759 0.0916702 0.0227121 0.105172 0.0525718 0.0453202 0.0922226 0.0185453 0.0478327 0.0546125 0.0232041 0.284792 0.0206776 0.753517 0.43208 0.27708 0.556254 0.802777 0.709484 0.56376 0.325302 0.353444 0.59087 0.608856 0.482256 0.094102 0.517744 0.391144 0.40913 0.646556 0.674698 0.43624 0.290516 0.197223 0.443746 0.0944264 0.00492612 0.00492612 
data/deep_blue.wav 38.0952 0.0200371 0.23798 0.0872773 0.122472 0.0839429 0.0628711 0.194143 0.155223 0.0607907 0.110556 0.0683936 0.249697 0.0444649 0.434199 0.429274 0.401502 0.746724 1 0.892321 0.63464 0.270029 0.217884 0.536765 0.612467 0.517005 0.141736 0.482995 0.387533 0.463235 0.782116 0.729971 0.36536 0.107679 0 0.253276 0.206933 0.0147784 0.0147784 
data/deep_blue.wav 39.9093 0.0940616 0.179179 0.189524 0.0794943 0.0456554 0.0271734 0.154794 0.338126 0.0598606 0.0428715 0.040603 0.30307 0.0275566 0.282273 0.418912 0.514881 0.92542 0.934226 0.593761 0.366958 0.253046 0.352016 0.639853 0.664419 0.553852 0.158885 0.446148 0.335581 0.360147 0.647984 0.746954 0.633042 0.406239 0.0657737 0.0745799 0.264036 0.00492612 0.00492612 
data/deep_blue.wav 41.7234 0.136922 0.201694 0.253934 0.173657 0.0265939 0.0365319 0.0852061 0.0279882 0.0232327 0.130493 0.0294912 0.0930594 0.0272809 0.68495 0.448561 0.439057 0.801743 0.795093 0.485888 0.324241 0.258945 0.29487 0.505178 0.479235 0.325281 0.0784542 0.674719 0.520765 0.494822 0.70513 0.741055 0.675759 0.514112 0.204907 0.198257 0.177114 0 0 
data/deep_blue.wav 43.5374 0.055687 0.204933 0.177864 0.15583 0.0148024 0.0144857 0.0370599 0.00797257 0.0182357 0.0909975 0.0217617 0.0621447 0.0350538 0.465775 0.529297 0.359515 0.730691 0.88988 0.691973 0.434926 0.213629 0.159797 0.433436 0.443792 0.30072 0.0350649 0.69928 0.556208 0.566564 0.840203 0.786371 0.565074 0.308027 0.11012 0.269309 0.155083 0 0 
data/deep_blue.wav 45.3515 0.0503284 0.0715242 0.0101376 0.0203566 0.0643397 0.00448243 0.0128901 0.00421006 0.0357119 0.226363 0.0293971 0.0269177 0.0119577 0.308534 0.768801 0.341749 0.716362 0.883425 0.718325 0.537004 0.323196 0.348434 0.531913 0.486655 0.310034 0.0275388 0.689966 0.513345 0.468087 0.651566 0.676804 0.462996 0.281675 0.116575 0.283638 0.135816 0 0 
data/deep_blue.wav 47.1655 0.0433387 0.205562 0.0727532 0.139691 0.0388162 0.0947815 0.18547 0.0197906 0.0781356 0.0808299 0.0972469 0.196925 0.0298255 0.527127 0.417592 0.277978 0.489573 0.82012 0.795719 0.660951 0.333396 0.321477 0.579164 0.619626 0.511684 0.139766 0.488316 0.380374 0.420836 0.678523 0.666604 0.339049 0.204281 0.17988 0.510427 0.157278 0 0 
data/deep_blue.wav 48.9796 0.0744654 0.299275 0.333457 0.2667 0.0406317 0.0837051 0.204207 0.0165816 0.0561044 0.101954 0.0719041 0.155846 0.0277008 0.579448 0.419544 0.482312 0.820678 0.861457 0.632713 0.510971 0.271755 0.19712 0.506003 0.625505 0.600525 0.236212 0.399475 0.374495 0.493997 0.80288 0.728245 0.489029 0.367287 0.138543 0.179322 0.252623 0 0 
data/deep_blue.wav 50.7937 0.0688694 0.491489 0.125667 0.179292 0.150606 0.105367 0.259231 0.18229 0.125488 0.361706 0.309066 0.311577 0.0576057 0.652174 0.303698 0.566456 0.860586 0.957589 0.696851 0.521236 0.309806 0.335467 0.531263 0.516023 0.393056 0.170637 0.606944 0.483977 0.468737 0.664533 0.690194 0.478764 0.303149 0.0424114 0.139414 0.304214 0.00985225 0.00985225 
data/deep_blue.wav 52.6077 0.0521814 0.302293 0.112382 0.0967738 0.0664354 0.038827 0.206684 0.2407 0.0709592 0.154542 0.0531641 0.187873 0.0405564 0.397666 0.381733 0.43323 0.766344 0.943499 0.756154 0.513476 0.251768 0.270545 0.580329 0.633187 0.531732 0.16465 0.468268 0.366813 0.419671 0.729455 0.748232 0.486524 0.243846 0.0565007 0.233656 0.213727 0 0 
data/deep_blue.wav 54.4218 0.0242134 0.391975 0.150722 0.236783 0.0857686 0.154436 0.267307 0.0651398 0.0983659 0.198265 0.214841 0.236999 0.0532999 0.635243 0.226384 0.485446 0.774168 0.973517 0.811322 0.548526 0.270049 0.289414 0.574756 0.600057 0.467307 0.171346 0.532693 0.399943 0.425244 0.710586 0.729951 0.451474 0.188678 0.0264832 0.225832 0.25118 0 0 
data/deep_blue.wav 56.2358 0.0561332 0.42271 0.266798 0.181959 0.0344065 0.096414 0.152654 0.0171742 0.07016 0.119705 0.254649 0.173503 0.0307744 0.642598 0.455091 0.48613 0.817957 0.908294 0.674224 0.465755 0.24483 0.218792 0.519265 0.576485 0.482794 0.175135 0.517206 0.423515 0.480735 0.781208 0.75517 0.534245 0.325776 0.0917058 0.182043 0.277434 0 0 
data/deep_blue.wav 58.0499 0.0570973 0.505304 0.139766 0.240972 0.177756 0.163257 0.285759 0.0777498 0.140599 0.466092 0.217846 0.280739 0.107991 0.709145 0.242063 0.609896 0.879028 0.920359 0.619999 0.442946 0.314484 0.392015 0.573851 0.525748 0.376708 0.180596 0.623292 0.474252 0.426149 0.607985 0.685516 0.557054 0.380001 0.0796409 0.120972 0.336525 0.00492612 0.00492612 
data/deep_blue.wav 59.8639 0.125254 0.467328 0.355181 0.365541 0.0714997 0.0767009 0.227323 0.0255925 0.0673175 0.259514 0.0959555 0.220874 0.0522795 0.491507 0.380057 0.550799 0.871001 0.824309 0.500406 0.443092 0.314987 0.30595 0.485199 0.464557 0.356001 0.1823 0.643999 0.535443 0.514801 0.69405 0.685013 0.556908 0.499594 0.175691 0.128999 0.246056 0 0 
data/deep_blue.wav 61.678 0.0685019 0.312412 0.178646 0.362965 0.0618743 0.151574 0.306338 0.157948 0.136543 0.256921 0.169279 0.228862 0.0505317 0.713425 0.323378 0.541353 0.845635 0.970857 0.743236 0.541623 0.294822 0.284514 0.504573 0.491915 0.357318 0.150143 0.642682 0.508085 0.495427 0.715486 0.705178 0.458377 0.256764 0.0291431 0.154365 0.322588 0.0147784 0.0147784 
data/deep_blue.wav 63.4921 0.0534489 0.207824 0.0759716 0.10176 0.11135 0.180893 0.180777 0.171665 0.129577 0.0709365 0.102215 0.252407 0.0303973 0.645155 0.341404 0.502814 0.831825 0.8673 0.60689 0.453825 0.303507 0.312829 0.50466 0.477808 0.328635 0.123174 0.671365 0.522192 0.49534 0.687171 0.696493 0.546175 0.39311 0.1327 0.168175 0.256923 0.00985225 0.00985225 
data/deep_blue.wav 65.3061 0.0622955 0.336531 0.133139 0.145604 0.116433 0.101354 0.18688 0.227129 0.122305 0.244461 0.141674 0.259307 0.0614642 0.802771 0.306162 0.537463 0.848109 0.915633 0.651166 0.478338 0.309475 0.322101 0.505791 0.469641 0.320043 0.120893 0.679957 0.530359 0.494209 0.677899 0.690525 0.521662 0.348834 0.0843673 0.151891 0.270537 0 0 
data/deep_blue.wav 67.1202 0.0778345 0.18463 0.060078 0.12379 0.0942136 0.135412 0.120238 0.0212056 0.0542741 0.0867372 0.0360281 0.331262 0.0596678 0.499424 0.405147 0.408369 0.762309 0.888992 0.675602 0.521437 0.344899 0.426805 0.611682 0.580753 0.433971 0.0942097 0.566029 0.419247 0.388318 0.573195 0.655101 0.478563 0.324398 0.111008 0.237691 0.156942 0 0 
data/deep_blue.wav 68.9342 0.099496 0.512604 0.127282 0.2374 0.13475 0.157651 0.20571 0.17703 0.143561 0.262581 0.105976 0.566402 0.0992784 0.701075 0.242198 0.57368 0.850344 0.863006 0.562107 0.468208 0.338082 0.392023 0.577636 0.547416 0.417355 0.194514 0.582645 0.452584 0.422364 0.607977 0.661918 0.531792 0.437893 0.136994 0.149656 0.259988 0.00492612 0.00492612 
data/deep_blue.wav 70.7483 0.0646787 0.284747 0.0533325 0.111269 0.105443 0.160491 0.0964135 0.061184 0.066917 0.233578 0.110296 0.318615 0.204469 0.510887 0.205958 0.5028 0.833507 0.946522 0.686893 0.463215 0.276568 0.352878 0.611949 0.600168 0.465847 0.157143 0.534153 0.399832 0.388051 0.647122 0.723432 0.536785 0.313107 0.0534782 0.166493 0.235541 0 0 
data/deep_blue.wav 72.5624 0.0833069 0.476388 0.047518 0.232224 0.215526 0.226382 0.13544 0.0863654 0.144823 0.312514 0.136731 0.528794 0.238987 0.574949 0.245146 0.635384 0.903959 0.868267 0.524224 0.428696 0.364636 0.453582 0.579873 0.526271 0.399817 0.18899 0.600183 0.473729 0.420127 0.546418 0.635364 0.571304 0.475776 0.131733 0.0960411 0.326911 0.00492612 0.00492612 
data/deep_blue.wav 74.3764 0.0679237 0.267434 0.0386331 0.0773508 0.079892 0.0408459 0.0687216 0.0144526 0.144153 0.315132 0.0429451 0.095673 0.0247686 0.591715 0.488708 0.422602 0.792767 0.886138 0.668423 0.518229 0.326301 0.320402 0.518872 0.527696 0.413016 0.087108 0.586984 0.472304 0.481128 0.679598 0.673699 0.481771 0.331577 0.113862 0.207233 0.172773 0.0147784 0.0147784 
data/deep_blue.wav 76.1905 0.0373926 0.328174 0.107482 0.108591 0.0671189 0.0859615 0.153427 0.0754941 0.0856674 0.132919 0.117184 0.14685 0.0221348 0.609352 0.247035 0.371696 0.631636 0.836529 0.705377 0.550573 0.311786 0.295201 0.523324 0.545056 0.430622 0.116592 0.569378 0.454944 0.476676 0.704799 0.688214 0.449427 0.294623 0.163471 0.368364 0.158769 0.0147784 0.0147784 
data/deep_blue.wav 78.0045 0.0855573 0.371381 0.18003 0.205924 0.142666 0.137521 0.287406 0.443368 0.204331 0.12236 0.47614 0.510804 0.0435003 0.670482 0.385625 0.672456 0.911242 0.869923 0.56039 0.476551 0.306301 0.254523 0.470774 0.497866 0.413894 0.270453 0.586106 0.502134 0.529226 0.745477 0.693699 0.523449 0.43961 0.130077 0.0887577 0.432694 0 0 
data/deep_blue.wav 79.8186 0.109408 0.27541 0.206926 0.164481 0.095954 0.101812 0.181419 0.428658 0.121048 0.105119 0.235689 0.425116 0.0322792 0.666378 0.400896 0.634686 0.904628 0.762452 0.410211 0.392593 0.304464 0.210608 0.422099 0.488498 0.43722 0.247095 0.56278 0.511502 0.577901 0.789392 0.695536 0.607407 0.589789 0.237548 0.0953722 0.345567 0.00492612 0.00492612 
data/deep_blue.wav 81.6327 0.0849269 0.258338 0.172193 0.169111 0.11107 0.26929 0.202944 0.0741647 0.0777211 0.21413 0.0835905 0.189601 0.0689589 0.72565 0.282903 0.557837 0.863032 0.832331 0.517832 0.430018 0.322138 0.304849 0.468723 0.469181 0.376453 0.157016 0.623547 0.530819 0.531277 0.695151 0.677862 0.569982 0.482168 0.167669 0.136968 0.269203 0.0197045 0.0197045 
data/deep_blue.wav 83.4467 0.0830572 0.34171 0.117341 0.150863 0.0961583 0.150748 0.142151 0.037079 0.0660812 0.27131 0.0965223 0.260784 0.0818814 0.55225 0.228084 0.454672 0.756982 0.894663 0.676096 0.516106 0.303428 0.29419 0.495827 0.478304 0.35567 0.109294 0.64433 0.521696 0.504173 0.70581 0.696572 0.483894 0.323904 0.105337 0.243018 0.208884 0.00492612 0.00492612 
data/deep_blue.wav 85.2608 0.0710635 0.287233 0.121064 0.176005 0.133376 0.0362792 0.14264 0.233465 0.123168 0.310385 0.0907128 0.412047 0.281327 0.697065 0.284717 0.613173 0.920532 0.898546 0.541403 0.35708 0.311435 0.440395 0.568053 0.454289 0.24938 0.123421 0.75062 0.545711 0.431947 0.559605 0.688565 0.64292 0.458597 0.101454 0.0794675 0.321156 0 0 
data/deep_blue.wav 87.0748 0.104203 0.321275 0.0240592 0.109676 0.221251 0.0684832 0.0863666 0.103005 0.121268 0.534582 0.0784167 0.211549 0.0789061 0.545974 0.334114 0.577541 0.929935 0.859759 0.497703 0.409252 0.359543 0.444318 0.570749 0.512063 0.369975 0.134438 0.630025 0.487937 0.429251 0.555682 0.640457 0.590748 0.502297 0.140241 0.0700654 0.287286 0.00985225 0.00985225 
data/deep_blue.wav 88.8889 0.0794145 0.608332 0.272132 0.0870077 0.031493 0.0629385 0.0825769 0.0199807 0.0489489 0.194285 0.0357309 0.0821083 0.0336641 0.559952 0.307486 0.474861 0.826578 0.820767 0.502854 0.320219 0.250873 0.279996 0.507088 0.501698 0.369235 0.0997719 0.630765 0.498302 0.492912 0.720004 0.749127 0.679781 0.497146 0.179233 0.173422 0.189625 0.00985225 0.00985225 
data/deep_blue.wav 90.7029 0.0959773 0.12658 0.0725261 0.033719 0.00651759 0.00611231 0.0162294 0.00382203 0.00808875 0.0421237 0.00982156 0.0217838 0.00403314 0.362058 0.535033 0.190557 0.416933 0.734538 0.709948 0.590788 0.303441 0.21943 0.440369 0.449212 0.312754 0.0296927 0.687246 0.550788 0.559631 0.78057 0.696559 0.409212 0.290052 0.265462 0.583067 0.0551027 0 0 
data/deep_blue.wav 92.517 0.0652969 0.118754 0.0330192 0.050736 0.0634637 0.140449 0.0535722 0.0630967 0.0313451 0.0391692 0.128149 0.169468 0.0578642 0.736773 0.55986 0.386029 0.711727 0.833 0.597918 0.338064 0.166374 0.0859122 0.398738 0.454708 0.353526 0.070415 0.646474 0.545292 0.601262 0.914088 0.833626 0.661936 0.402082 0.167 0.288273 0.174871 0.00492612 0.00492612 
data/deep_blue.wav 94.3311 0.0655812 0.197682 0.0888286 0.12219 0.111585 0.216677 0.0992623 0.108417 0.0583411 0.0598134 0.17387 0.234765 0.0819193 0.872912 0.477055 0.507872 0.841896 0.868984 0.547954 0.294207 0.168961 0.105137 0.406729 0.455271 0.357731 0.110865 0.642269 0.544729 0.593271 0.894863 0.831039 0.705793 0.452046 0.131016 0.158104 0.27213 0.0394089 0.0394089 
data/deep_blue.wav 96.1451 0.0550867 0.152399 0.111888 0.144062 0.0981373 0.148936 0.0938787 0.133675 0.0550494 0.142986 0.122094 0.203026 0.101913 0.790584 0.360866 0.497329 0.835612 0.905975 0.62337 0.374589 0.212392 0.170669 0.434951 0.448307 0.320749 0.0921761 0.679251 0.551693 0.565049 0.829331 0.787608 0.625411 0.37663 0.0940255 0.164388 0.256604 0.00492612 0.00492612 
data/deep_blue.wav 97.9592 0.093985 0.202889 0.14941 0.159056 0.0989152 0.196107 0.088994 0.0233869 0.051833 0.311755 0.060575 0.195132 0.093533 0.866947 0.398322 0.539372 0.875089 0.825372 0.469655 0.32304 0.248389 0.223609 0.44823 0.462675 0.368169 0.133443 0.631831 0.537325 0.55177 0.776391 0.751611 0.67696 0.530345 0.174628 0.124911 0.26398 0.00492612 0.00492612 
data/deep_blue.wav 99.7732 0.0708251 0.266562 0.111131 0.148467 0.12723 0.175714 0.094194 0.0518191 0.0841455 0.269752 0.195936 0.231797 0.133079 0.599542 0.266249 0.520751 0.838189 0.926227 0.636628 0.394402 0.23188 0.23348 0.489907 0.48206 0.342752 0.110206 0.657248 0.51794 0.510093 0.76652 0.76812 0.605598 0.363372 0.0737729 0.161811 0.270885 0.00492612 0.00492612 
data/deep_blue.wav 101.587 0.0798805 0.30601 0.201167 0.170939 0.121022 0.191148 0.120395 0.134804 0.0757177 0.131739 0.356022 0.321884 0.175177 0.690648 0.227749 0.594937 0.884995 0.900348 0.56746 0.385222 0.270514 0.286996 0.486956 0.454537 0.316853 0.142939 0.683147 0.545463 0.513044 0.713004 0.729486 0.614778 0.43254 0.0996516 0.115005 0.321173 0.00492612 0.00492612 
data/deep_blue.wav 103.401 0.098099 0.392087 0.100947 0.206258 0.194494 0.288162 0.180322 0.0823011 0.112438 0.239624 0.239615 0.44857 0.159395 0.65734 0.171691 0.591289 0.848431 0.8975 0.585241 0.437826 0.302529 0.300788 0.484757 0.47133 0.358284 0.146671 0.641716 0.52867 0.515243 0.699212 0.697471 0.562174 0.414759 0.1025 0.151569 0.285637 0.00492612 0.00492612 
data/deep_blue.wav 105.215 0.0732903 0.330079 0.0973713 0.188425 0.203847 0.336021 0.155562 0.0509527 0.109511 0.291819 0.116947 0.42476 0.145068 0.495886 0.228322 0.613971 0.875737 0.856078 0.518055 0.376451 0.294613 0.292215 0.459445 0.433233 0.306995 0.146918 0.693005 0.566767 0.540555 0.707785 0.705387 0.623549 0.481945 0.143922 0.124263 0.304482 0.0197045 0.0197045 
data/deep_blue.wav 107.029 0.121862 0.670122 0.788143 0.761528 0.147044 0.369798 0.281574 0.0462436 0.120395 0.477057 0.131872 0.328074 0.189038 0.873066 0.489011 0.795338 0.876872 0.703623 0.237666 0.0935294 0.193921 0.447717 0.764599 0.708986 0.516779 0.443079 0.483221 0.291014 0.235401 0.552283 0.806079 0.906471 0.762334 0.296377 0.123128 0.761195 0.0197045 0.0197045 
data/deep_blue.wav 108.844 0.149416 0.733026 0.658775 0.637486 0.176512 0.32725 0.254293 0.0464978 0.100842 0.441165 0.130788 0.25187 0.116062 0.974533 0.632222 0.768853 0.868352 0.639732 0.235233 0.15068 0.197519 0.413106 0.756665 0.774324 0.654578 0.563997 0.345422 0.225676 0.243335 0.586894 0.802481 0.84932 0.764767 0.360268 0.131648 0.664417 0.00492612 0.00492612 
data/deep_blue.wav 110.658 0.117363 0.624964 0.629705 0.698892 0.160161 0.342654 0.401046 0.338655 0.192855 0.456752 0.297798 0.527362 0.268905 0.881042 0.336014 0.869438 0.949296 0.789205 0.374782 0.27972 0.249547 0.430504 0.73898 0.693529 0.5056 0.503073 0.4944 0.306471 0.26102 0.569496 0.750453 0.72028 0.625218 0.210795 0.0507042 0.697797 0.0295567 0.0295567 
data/deep_blue.wav 112.472 0.124019 0.577715 0.391462 0.732605 0.236003 0.187248 0.351114 0.455686 0.264722 0.377036 0.469719 0.541293 0.0539562 0.869412 0.286848 0.813119 0.965155 0.811072 0.387379 0.285229 0.270882 0.47722 0.726179 0.641494 0.422058 0.411777 0.577942 0.358506 0.273821 0.52278 0.729118 0.714771 0.612621 0.188928 0.0348448 0.576588 0 0 
data/deep_blue.wav 114.286 0.121616 0.449756 0.284091 0.564448 0.489135 0.299561 0.49128 0.45961 0.257313 0.145806 0.39833 0.728737 0.1155 0.745921 0.460481 0.840046 0.953957 0.77752 0.365019 0.259063 0.295982 0.598826 0.787141 0.613495 0.324823 0.434216 0.675177 0.386505 0.212859 0.401174 0.704018 0.740937 0.634981 0.22248 0.0460431 0.645327 0.00492612 0.00492612 
data/deep_blue.wav 116.1 0.117593 0.473043 0.258614 0.392054 0.663648 0.395585 0.331022 0.382271 0.250164 0.272419 0.214181 0.790302 0.14447 0.739417 0.434859 0.893188 0.964257 0.709149 0.290319 0.189266 0.298408 0.624989 0.792632 0.597413 0.254802 0.458334 0.745198 0.402587 0.207368 0.375011 0.701592 0.810734 0.709681 0.290851 0.0357429 0.721253 0.00492612 0.00492612 
data/deep_blue.wav 117.914 0.141226 0.699713 0.494958 0.765286 0.291011 0.332741 0.426164 0.483656 0.271423 0.181669 0.266442 0.906797 0.264579 0.833813 0.306964 0.863127 0.9251 0.808091 0.409969 0.259222 0.259851 0.490559 0.736786 0.636934 0.412961 0.448888 0.587039 0.363066 0.263214 0.509441 0.740149 0.740778 0.590031 0.191909 0.0748997 0.647049 0.0147784 0.0147784 
data/deep_blue.wav 119.728 0.115804 0.646112 0.477428 0.533053 0.0763824 0.590599 0.617201 0.288498 0.276927 0.176032 0.386572 0.437083 0.385453 0.685903 0.241468 0.880936 0.930481 0.780888 0.372994 0.205017 0.240904 0.509108 0.738446 0.570369 0.244941 0.427634 0.755059 0.429631 0.261554 0.490892 0.759096 0.794983 0.627006 0.219112 0.0695191 0.685958 0.00492612 0.00492612 
data/deep_blue.wav 121.542 0.117595 0.857698 0.643312 0.650144 0.118739 0.506456 0.721478 0.36493 0.236048 0.481751 0.483037 0.552055 0.317322 0.873571 0.425137 0.940646 0.940035 0.759171 0.333858 0.168871 0.25153 0.571365 0.760285 0.569531 0.274415 0.493468 0.725585 0.430469 0.239715 0.428635 0.74847 0.831129 0.666142 0.240829 0.0599651 0.860591 0 0 
data/deep_blue.wav 123.356 0.160651 0.482778 0.154218 0.34047 0.168213 0.641465 0.628652 0.308916 0.155947 0.489905 0.693542 0.659607 0.187062 0.803884 0.351299 0.88635 0.917657 0.65164 0.247986 0.243928 0.377543 0.776956 0.769607 0.458468 0.142739 0.496389 0.857261 0.541532 0.230393 0.223044 0.622457 0.756072 0.752014 0.34836 0.0823431 0.787007 0.00492612 0.00492612 
data/deep_blue.wav 125.17 0.176055 0.245609 0.197806 0.197991 0.0720906 0.376574 0.165652 0.532214 0.403952 0.412842 0.216708 0.251756 0.0774654 0.919465 0.666616 0.753836 0.763444 0.428312 0 0 0.362107 0.932996 0.944857 0.686532 0.387454 0.500963 0.612546 0.313468 0.0551425 0.0670041 0.637893 1 1 0.571688 0.236556 0.794431 0 0 
data/deep_blue.wav 126.984 0.158251 0.240579 0.344716 0.165153 0.0718094 0.0804001 0.0633066 0.0365154 0.0573669 0.498933 0.322358 0.186287 0.0326911 0.87779 0.678066 0.586702 0.802971 0.614384 0.206017 0.00114908 0 0 0.502613 0.621704 0.550049 0.41338 0.449951 0.378296 0.497387 1 1 0.998851 0.793983 0.385616 0.197029 0.447205 0.00492612 0.00492612 
data/deep_blue.wav 128.798 0.0866193 0.158076 0.0371177 0.0486 0.0674393 0.0773858 0.0501871 0.124141 0.0357783 0.0877155 0.0294471 0.189534 0.099207 0.770551 0.355145 0.421733 0.758474 0.793552 0.533722 0.389423 0.252536 0.165924 0.4022 0.457993 0.386938 0.0919037 0.613062 0.542007 0.5978 0.834076 0.747464 0.610577 0.466278 0.206448 0.241526 0.165243 0 0 
data/deep_blue.wav 130.612 0.181069 0.0823672 0.0157898 0.037298 0.166111 0.0130925 0.0286997 0.0263147 0.0310765 0.0129263 0.0152604 0.51538 0.0230115 0.556997 0.36423 0.361039 0.612581 0.525659 0.231604 0.280317 0.348675 0.336195 0.432648 0.438527 0.368667 0.0826671 0.631333 0.561473 0.567352 0.663805 0.651325 0.719683 0.768396 0.474341 0.387419 0.10396 0 0 
data/deep_blue.wav 132.426 0.120055 0.0343304 0.00640786 0.0222736 0.0810939 0.00386334 0.0125086 0.0159081 0.0116625 0.0048758 0.00526082 0.212835 0.0116635 0.477259 0.319499 0.215062 0.400951 0.571695 0.452258 0.423895 0.321129 0.282643 0.447863 0.455406 0.347986 0.0467913 0.652014 0.544594 0.552137 0.717357 0.678871 0.576105 0.547742 0.428305 0.599049 0.0515707 0 0 
data/deep_blue.wav 134.24 0.00693717 0.14587 0.0742556 0.0911695 0.0238863 0.080374 0.144401 0.0162927 0.0259111 0.0780097 0.0747095 0.141277 0.0333582 0.50433 0.304699 0.303067 0.620462 0.931077 0.896064 0.698655 0.303518 0.233911 0.541075 0.62673 0.541788 0.130877 0.458212 0.37327 0.458925 0.766089 0.696482 0.301345 0.103936 0.0689228 0.379538 0.138132 0 0 
data/deep_blue.wav 136.054 0.0389234 0.146819 0.0592245 0.143089 0.0450037 0.240099 0.207304 0.0195239 0.0424915 0.11908 0.069794 0.13976 0.0772609 0.401422 0.399987 0.437405 0.768598 0.929039 0.763615 0.611801 0.34266 0.335861 0.559654 0.5834 0.472053 0.135869 0.527947 0.4166 0.440346 0.664139 0.65734 0.388199 0.236385 0.0709612 0.231402 0.221377 0 0 
data/deep_blue.wav 137.868 0.0686206 0.325588 0.0474491 0.120542 0.23208 0.139385 0.166566 0.0283903 0.0928013 0.508476 0.114222 0.192496 0.0546654 0.462403 0.35155 0.597059 0.953973 0.88667 0.49946 0.342916 0.336893 0.479896 0.621236 0.54128 0.360256 0.111973 0.639744 0.45872 0.378764 0.520104 0.663107 0.657084 0.50054 0.11333 0.0460272 0.309801 0 0 
data/deep_blue.wav 139.683 0.0411296 0.170275 0.023284 0.0462526 0.0709721 0.0186564 0.0343191 0.00710288 0.0316126 0.255839 0.0460383 0.0444378 0.00794136 0.249073 0.66073 0.363818 0.737631 0.892518 0.721945 0.538147 0.312053 0.31135 0.521542 0.516122 0.375064 0.0585049 0.624936 0.483878 0.478458 0.68865 0.687947 0.461853 0.278055 0.107482 0.262369 0.142053 0 0 
data/deep_blue.wav 141.497 0.00749391 0.111564 0.0413953 0.0831081 0.026058 0.0811219 0.142025 0.0118001 0.0459948 0.0785799 0.113386 0.172053 0.0218341 0.396716 0.360608 0.273504 0.563087 0.909543 0.919217 0.773765 0.357029 0.294994 0.564039 0.635596 0.545953 0.129914 0.454047 0.364404 0.435961 0.705006 0.642971 0.226235 0.0807831 0.0904574 0.436913 0.138565 0.00492612 0.00492612 
data/deep_blue.wav 143.311 0.0293212 0.193079 0.0541356 0.142388 0.044506 0.202835 0.178564 0.026647 0.0637268 0.0993165 0.099563 0.217812 0.0631358 0.401754 0.325508 0.396914 0.714174 0.938638 0.825921 0.674661 0.353923 0.33198 0.554092 0.574361 0.461076 0.126151 0.538924 0.425639 0.445908 0.66802 0.646077 0.325339 0.174079 0.0613621 0.285826 0.199581 0.00492612 0.00492612 
data/deep_blue.wav 145.125 0.083072 0.318459 0.237278 0.248645 0.0605739 0.149151 0.198843 0.023412 0.0514217 0.260526 0.0833704 0.18859 0.0799925 0.589077 0.314271 0.541965 0.869682 0.838713 0.490623 0.352309 0.318497 0.401529 0.544325 0.474355 0.305769 0.0946912 0.694231 0.525645 0.455675 0.598471 0.681503 0.647691 0.509377 0.161287 0.130318 0.24306 0 0 
data/deep_blue.wav 146.939 0.0807653 0.176517 0.252669 0.145771 0.0199111 0.0146332 0.0701002 0.00644026 0.0175502 0.120653 0.0202925 0.0545679 0.0101824 0.415401 0.523644 0.413327 0.78259 0.802195 0.481876 0.261343 0.236055 0.319623 0.521598 0.455433 0.263301 0.0242255 0.736699 0.544567 0.478402 0.680377 0.763945 0.738657 0.518124 0.197805 0.21741 0.167926 0 0 
data/deep_blue.wav 148.753 0.0182164 0.0947265 0.0511623 0.0564613 0.0140836 0.0448029 0.166229 0.131066 0.102476 0.0416305 0.136427 0.122532 0.00714884 0.550009 0.36084 0.319794 0.633789 0.919634 0.865028 0.680857 0.310123 0.222271 0.47432 0.508964 0.389783 0.0857966 0.610217 0.491036 0.52568 0.777729 0.689877 0.319143 0.134972 0.0803663 0.366211 0.158522 0 0 
data/deep_blue.wav 150.567 0.0585834 0.103551 0.0478422 0.0609015 0.0173034 0.138057 0.116196 0.130398 0.0914146 0.042157 0.557153 0.146298 0.0111927 0.533975 0.453172 0.509866 0.877578 0.909259 0.624421 0.468734 0.334389 0.37437 0.528289 0.474795 0.311252 0.0808996 0.688748 0.525205 0.471711 0.62563 0.665611 0.531266 0.375579 0.0907414 0.122422 0.268147 0.0147784 0.0147784 
data/deep_blue.wav 152.381 0.082332 0.349834 0.0725296 0.125129 0.207885 0.149663 0.238631 0.224345 0.193976 0.531769 0.315253 0.315978 0.0332069 0.644349 0.25458 0.654348 0.942583 0.894939 0.518639 0.388611 0.347331 0.467798 0.593072 0.502267 0.327946 0.159417 0.672054 0.497733 0.406928 0.532202 0.652669 0.611389 0.481361 0.105061 0.0574174 0.375863 0.0492611 0.0492611 
data/deep_blue.wav 154.195 0.0405463 0.162104 0.0811448 0.0928069 0.0437075 0.0498896 0.137504 0.175027 0.0642466 0.118825 0.0427881 0.0967383 0.0157935 0.583902 0.57994 0.423884 0.807259 0.946944 0.746665 0.518051 0.303582 0.354888 0.575367 0.550332 0.383763 0.079905 0.616237 0.449668 0.424633 0.645112 0.696418 0.481949 0.253335 0.0530564 0.192741 0.203201 0 0 
data/deep_blue.wav 156.009 0.0217098 0.234317 0.0359521 0.0774459 0.080731 0.0544744 0.090167 0.0509382 0.0570871 0.138216 0.0981005 0.206502 0.0340658 0.61076 0.27773 0.359558 0.699604 0.916752 0.792143 0.592571 0.320807 0.360653 0.608294 0.620512 0.483219 0.112392 0.516781 0.379488 0.391706 0.639347 0.679193 0.407429 0.207857 0.0832483 0.300396 0.142059 0.00492612 0.00492612 
data/deep_blue.wav 157.823 0.0860476 0.138366 0.022132 0.0931507 0.191166 0.0203218 0.0449419 0.0387362 0.105686 0.0797935 0.0659806 0.687802 0.0330124 0.523907 0.237542 0.418513 0.768734 0.806149 0.529463 0.396276 0.323426 0.419351 0.608187 0.586075 0.447631 0.0950396 0.552369 0.413925 0.391813 0.580649 0.676574 0.603724 0.470537 0.193851 0.231266 0.14113 0 0 
data/deep_blue.wav 159.637 0.065765 0.339852 0.130244 0.139467 0.172754 0.0440765 0.0938862 0.0495976 0.107394 0.373778 0.072041 0.25754 0.0304548 0.696641 0.350515 0.513927 0.863717 0.875291 0.570549 0.412512 0.3228 0.384381 0.547106 0.496743 0.330955 0.0865379 0.669045 0.503257 0.452894 0.615619 0.6772 0.587488 0.429451 0.124709 0.136283 0.230211 0.00492612 0.00492612 
data/deep_blue.wav 161.451 0.0551096 0.119725 0.0151079 0.0307544 0.0458886 0.0112691 0.0282495 0.00646171 0.0411937 0.191953 0.0227893 0.0410055 0.00716919 0.376023 0.494826 0.296699 0.608395 0.799232 0.672802 0.549427 0.340242 0.34952 0.534726 0.518187 0.371994 0.0535698 0.628006 0.481813 0.465274 0.65048 0.659758 0.450573 0.327198 0.200768 0.391605 0.0888787 0 0 
data/deep_blue.wav 163.265 0.0475472 0.367607 0.0939239 0.136731 0.0704415 0.0980194 0.308737 0.149148 0.128816 0.167831 0.218487 0.240542 0.0377537 0.6809 0.281831 0.459616 0.762232 0.954822 0.790934 0.584411 0.30213 0.285149 0.532369 0.556407 0.44192 0.139683 0.55808 0.443593 0.467631 0.714851 0.69787 0.415589 0.209066 0.0451781 0.237768 0.241032 0.00985225 0.00985225 
data/deep_blue.wav 165.079 0.120269 0.129242 0.0489614 0.0700993 0.0248448 0.106759 0.123291 0.138121 0.0880051 0.0519445 0.600403 0.172684 0.0189718 0.46017 0.382424 0.548861 0.923437 0.833509 0.500049 0.451081 0.361482 0.419856 0.549925 0.472229 0.305234 0.149275 0.694766 0.527771 0.450075 0.580144 0.638518 0.548919 0.499951 0.166491 0.0765627 0.261045 0 0 
data/deep_blue.wav 166.893 0.0799556 0.420642 0.139773 0.182945 0.113877 0.148232 0.37475 0.388868 0.301285 0.355169 0.631206 0.466141 0.0366399 0.654245 0.233899 0.68837 0.913438 0.912264 0.584735 0.500841 0.374958 0.430431 0.54621 0.46354 0.308065 0.20351 0.691935 0.53646 0.45379 0.569569 0.625042 0.499159 0.415265 0.0877357 0.0865618 0.45378 0 0 
data/deep_blue.wav 168.707 0.076445 0.206756 0.0609083 0.0927593 0.0694753 0.129645 0.0985172 0.0933373 0.0777074 0.291393 0.24571 0.197953 0.0366246 0.78848 0.368916 0.484834 0.809517 0.871641 0.601215 0.433664 0.296606 0.352302 0.585889 0.598292 0.486361 0.149965 0.513639 0.401708 0.414111 0.647698 0.703394 0.566336 0.398785 0.128359 0.190483 0.240753 0.0640394 0.0640394 
data/deep_blue.wav 170.522 0.0266176 0.316132 0.047933 0.10451 0.118235 0.0639857 0.10768 0.051722 0.0691043 0.167519 0.10751 0.343481 0.0457172 0.641379 0.132607 0.391358 0.712721 0.910018 0.756177 0.536898 0.293324 0.33628 0.594991 0.602896 0.461249 0.120564 0.538751 0.397104 0.405009 0.66372 0.706676 0.463102 0.243823 0.0899823 0.287279 0.152908 0 0 
data/deep_blue.wav 172.336 0.0304276 0.179426 0.0130833 0.080026 0.0763119 0.018191 0.0277184 0.0662423 0.0420296 0.101162 0.0845118 0.247264 0.242504 0.327974 0.496123 0.451396 0.844713 0.960333 0.734815 0.483456 0.270558 0.295903 0.537859 0.521902 0.359503 0.0836237 0.640497 0.478098 0.462141 0.704097 0.729442 0.516544 0.265185 0.0396672 0.155287 0.234907 0.00492612 0.00492612 
data/deep_blue.wav 174.15 0.125328 0.403441 0.176446 0.140779 0.0563376 0.0175505 0.0771073 0.125348 0.0466838 0.129869 0.0592887 0.260159 0.267115 0.555462 0.449253 0.565601 0.924517 0.802249 0.415951 0.345138 0.305782 0.293407 0.470732 0.484597 0.399877 0.144612 0.600123 0.515403 0.529268 0.706593 0.694218 0.654862 0.584049 0.197751 0.0754834 0.279564 0.00985225 0.00985225 
data/deep_blue.wav 175.964 0.11201 0.206181 0.288077 0.225921 0.0191417 0.0230813 0.0684105 0.0100352 0.0225398 0.171963 0.0355658 0.0740005 0.0151301 0.397975 0.604118 0.460642 0.848463 0.831541 0.508149 0.350571 0.277801 0.295898 0.446452 0.368275 0.188347 0.0316503 0.811653 0.631725 0.553548 0.704102 0.722199 0.649429 0.491851 0.168459 0.151537 0.208326 0 0 
data/deep_blue.wav 177.778 0.0516077 0.0969349 0.0423409 0.0316705 0.0703373 0.00615491 0.0106674 0.00460562 0.036301 0.216678 0.0291337 0.0599898 0.0055974 0.463411 0.715734 0.358247 0.748456 0.900866 0.718829 0.507918 0.287557 0.284095 0.499666 0.478416 0.318026 0.0341463 0.681974 0.521584 0.500334 0.715905 0.712443 0.492082 0.281171 0.0991343 0.251544 0.146446 0.0197045 0.0197045 
data/deep_blue.wav 179.592 0.0269265 0.119768 0.0500321 0.0675248 0.0209551 0.0525803 0.0723408 0.00915549 0.0549509 0.0690098 0.0740443 0.112116 0.013073 0.472094 0.498473 0.201143 0.371706 0.753525 0.796388 0.71028 0.353455 0.269884 0.491318 0.523781 0.408853 0.0888375 0.591147 0.476219 0.508682 0.730116 0.646545 0.28972 0.203612 0.246475 0.628294 0.0943333 0.00985225 0.00985225 
data/deep_blue.wav 181.406 0.0536089 0.258858 0.369239 0.202047 0.0557136 0.15429 0.271617 0.028565 0.0921774 0.132643 0.144465 0.287216 0.045323 0.482566 0.580102 0.527262 0.804405 0.85657 0.633765 0.461092 0.281147 0.39475 0.73737 0.830994 0.765367 0.340855 0.234633 0.169006 0.26263 0.60525 0.718853 0.538908 0.366235 0.14343 0.195595 0.372525 0 0 
data/deep_blue.wav 183.22 0.120018 0.776845 0.304791 0.28336 0.109205 0.161053 0.28721 0.0844245 0.12212 0.603476 0.366019 0.382554 0.0549227 0.671851 0.458952 0.684922 0.884235 0.775552 0.444054 0.300114 0.206763 0.3158 0.680939 0.762286 0.67945 0.460234 0.32055 0.237714 0.319061 0.6842 0.793237 0.699886 0.555946 0.224448 0.115765 0.460395 0.0197045 0.0197045 
data/deep_blue.wav 185.034 0.121166 0.491698 0.188414 0.191292 0.131214 0.0893926 0.215711 0.38573 0.135372 0.404059 0.146327 0.432089 0.0850937 0.610018 0.401504 0.656157 0.88589 0.76866 0.425157 0.370485 0.260982 0.166843 0.43546 0.555188 0.54868 0.31649 0.45132 0.444812 0.56454 0.833157 0.739018 0.629515 0.574843 0.23134 0.11411 0.356833 0 0 
data/deep_blue.wav 186.848 0.0647644 0.326384 0.123457 0.192948 0.0838624 0.137297 0.27391 0.277222 0.07634 0.211494 0.0673373 0.242617 0.0612808 0.569094 0.50239 0.55342 0.857572 0.876691 0.568543 0.329701 0.189207 0.170775 0.500713 0.579574 0.506478 0.208502 0.493522 0.420426 0.499287 0.829225 0.810793 0.670299 0.431457 0.123309 0.142428 0.313664 0.00492612 0.00492612 
data/deep_blue.wav 188.662 0.0563405 0.326485 0.394815 0.219565 0.0506395 0.170528 0.207496 0.0411044 0.119197 0.179671 0.358685 0.338627 0.0517502 0.565452 0.435731 0.578068 0.827945 0.887305 0.616467 0.35582 0.195769 0.303622 0.68032 0.728059 0.603587 0.311112 0.396413 0.271941 0.31968 0.696378 0.804231 0.64418 0.383533 0.112695 0.172055 0.404885 0 0 
data/deep_blue.wav 190.476 0.1243 0.593786 0.448364 0.353384 0.118311 0.15281 0.27319 0.0512324 0.134586 0.695559 0.3172 0.435071 0.0656646 0.658403 0.51746 0.725655 0.9043 0.726951 0.363145 0.288935 0.197762 0.279345 0.681121 0.757532 0.6487 0.51153 0.3513 0.242468 0.318879 0.720655 0.802238 0.711065 0.636855 0.273049 0.0957 0.566612 0 0 
data/deep_blue.wav 192.29 0.0982924 0.695537 0.730376 0.229386 0.0990433 0.113039 0.262422 0.0491089 0.0939051 0.288752 0.1148 0.323168 0.159539 0.536978 0.632824 0.682543 0.834059 0.697805 0.357154 0.217803 0.202142 0.377551 0.789471 0.91336 0.861704 0.525334 0.138296 0.0866405 0.210529 0.622449 0.797858 0.782197 0.642846 0.302195 0.165941 0.536828 0.0147784 0.0147784 
data/deep_blue.wav 194.104 0.154373 0.43073 1 1 0.0825374 0.129985 0.257232 0.0341386 0.0686414 0.307018 0.0866458 0.23913 0.0599876 0.41207 0.578373 0.722449 0.806633 0.579081 0.180519 0.134588 0.223501 0.543119 0.919033 0.943948 0.800944 0.60299 0.199056 0.0560525 0.0809668 0.456881 0.776499 0.865412 0.819481 0.420919 0.193367 0.707395 0.00985225 0.00985225 
data/deep_blue.wav 195.918 0.0650975 0.288067 0.125875 0.186764 0.0393564 0.411901 0.350824 0.232804 0.205101 0.141215 0.312287 0.272679 0.0474154 0.79591 0.389525 0.641454 0.84131 0.8215 0.556515 0.398661 0.313607 0.52056 0.736485 0.625417 0.346341 0.293506 0.653659 0.374583 0.263515 0.47944 0.686393 0.601339 0.443485 0.1785 0.15869 0.511933 0.0295567 0.0295567 
data/deep_blue.wav 197.732 0.119533 0.318696 0.185631 0.111718 0.519727 0.220644 0.17968 0.156839 0.134745 0.265758 0.196408 0.418545 0.0561358 0.889103 0.5818 0.70417 0.841963 0.571484 0.167157 0.166267 0.348365 0.706924 0.884748 0.784252 0.555818 0.436687 0.444182 0.215748 0.115252 0.293076 0.651635 0.833733 0.832843 0.428516 0.158037 0.5646 0.0394089 0.0394089 
data/deep_blue.wav 199.546 0.127898 0.294057 0.107763 0.170981 0.125069 0.215219 0.188828 0.0962258 0.0997923 0.14539 0.131996 0.473344 0.0786356 0.728857 0.326453 0.555871 0.834986 0.742636 0.458589 0.513338 0.372643 0.231259 0.370232 0.428515 0.387322 0.194717 0.612678 0.571485 0.629768 0.768741 0.627357 0.486662 0.541411 0.257364 0.165014 0.228535 0.00492612 0.00492612 
data/deep_blue.wav 201.361 0.179651 0.407897 0.105629 0.213303 0.126743 0.235963 0.153407 0.0357682 0.0860233 0.15099 0.0797775 0.397225 0.09408 0.515567 0.254379 0.517261 0.787754 0.710797 0.369807 0.384951 0.341973 0.280742 0.414555 0.449599 0.409058 0.14529 0.590942 0.550401 0.585445 0.719258 0.658027 0.615049 0.630193 0.289203 0.212246 0.194231 0.00492612 0.00492612 
data/deep_blue.wav 203.175 0.0859951 0.491473 0.112757 0.232378 0.140052 0.220077 0.126174 0.142701 0.0924516 0.282576 0.1446 0.5033 0.201707 0.686916 0.229693 0.629059 0.883905 0.821155 0.517628 0.477856 0.333139 0.272051 0.453402 0.480846 0.407924 0.243484 0.592076 0.519154 0.546598 0.727949 0.666861 0.522144 0.482372 0.178845 0.116095 0.30406 0.0197045 0.0197045 
data/deep_blue.wav 204.989 0.138055 0.406129 0.0821068 0.242282 0.109612 0.263068 0.127341 0.0839978 0.106311 0.16799 0.130776 0.50338 0.221635 0.576665 0.33079 0.580119 0.857545 0.817007 0.479285 0.390052 0.289424 0.262842 0.444029 0.460467 0.386344 0.187146 0.613656 0.539533 0.555971 0.737158 0.710576 0.609948 0.520715 0.182993 0.142455 0.288805 0.044335 0.044335 
data/deep_blue.wav 206.803 0.0672718 0.428894 0.129674 0.130854 0.0988105 0.0672249 0.0904333 0.0306359 0.0796244 0.659015 0.0574619 0.210667 0.0831274 0.571458 0.470455 0.559432 0.868997 0.833872 0.475467 0.212422 0.151736 0.163805 0.522323 0.619865 0.557274 0.214419 0.442726 0.380135 0.477677 0.836195 0.848264 0.787578 0.524533 0.166128 0.131003 0.326655 0.00492612 0.00492612 
data/deep_blue.wav 208.617 0.101173 0.189438 0.0360529 0.0647455 0.0615517 0.0186439 0.0671622 0.0153447 0.0492643 0.335684 0.0415914 0.0967743 0.0151834 0.497427 0.600109 0.377737 0.671158 0.69391 0.397529 0.216313 0.173485 0.145547 0.45316 0.534779 0.478427 0.119259 0.521573 0.465221 0.54684 0.854453 0.826515 0.783687 0.602471 0.30609 0.328842 0.164986 0 0 
data/deep_blue.wav 210.431 0.106899 0.484195 0.179685 0.245029 0.380122 0.476589 0.453109 0.23 0.209254 0.163435 0.332454 0.477594 0.0600437 0.798725 0.466531 0.800724 0.911426 0.662876 0.299917 0.248837 0.321225 0.636816 0.820801 0.633097 0.277454 0.453171 0.722546 0.366903 0.179199 0.363184 0.678775 0.751163 0.700083 0.337124 0.0885738 0.644083 0.0147784 0.0147784 
data/deep_blue.wav 212.245 0.181934 0.274633 0.177954 0.231654 0.0804941 0.113599 0.275409 1 1 0.0939165 0.237072 0.596756 0.0326954 0.683495 0.584279 0.843622 0.841729 0.476103 0.144686 0.146505 0.376615 1 0.987506 0.595988 0.123572 0.624542 0.876428 0.404012 0.0124943 0 0.623385 0.853495 0.855314 0.523897 0.158271 0.805731 0.0147784 0.0147784 
data/deep_blue.wav 214.059 0.139807 0.338963 0.410681 0.36761 0.143702 0.620191 0.301087 0.201345 0.229412 0.265518 0.18151 0.295395 0.0596322 0.941723 0.679918 0.806266 0.863219 0.561402 0.125529 0.0885782 0.340504 0.793278 0.925534 0.729434 0.396799 0.460545 0.603201 0.270566 0.0744661 0.206722 0.659496 0.911422 0.874471 0.438598 0.136781 0.746163 0.0492611 0.0492611 
data/deep_blue.wav 215.873 0.142573 0.215812 0.0835686 0.152333 0.805618 0.376412 0.18687 0.024611 0.0872766 0.0943439 0.0486157 0.390138 0.0506592 0.64919 0.675292 0.707618 0.776623 0.431412 0.0367816 0.0670334 0.388043 0.900036 1 0.816034 0.501604 0.476535 0.498396 0.183966 0 0.0999635 0.611957 0.932967 0.963218 0.568588 0.223377 0.630525 0.0738915 0.0738915 
data/deep_blue.wav 217.687 0.103997 0.492055 0.138447 0.21389 0.179166 0.113535 0.211472 0.160968 0.107021 0.382735 0.110088 0.3188 0.524139 0.761984 0.466269 0.712676 0.912458 0.79182 0.435282 0.236785 0.122047 0.124524 0.582981 0.731385 0.681057 0.459658 0.318943 0.268615 0.417019 0.875476 0.877953 0.763215 0.564718 0.20818 0.0875425 0.566954 0.0394089 0.0394089 
data/deep_blue.wav 219.501 0.143677 0.202034 0.024193 0.093259 0.118591 0.0262357 0.0912018 0.0975375 0.0613377 0.706912 0.093391 0.349098 0.120629 0.558019 0.629657 0.584322 0.913142 0.756382 0.340392 0.160092 0.104463 0.0383068 0.440568 0.620339 0.657398 0.318201 0.342602 0.379661 0.559432 0.961693 0.895537 0.839908 0.659608 0.243618 0.0868576 0.371815 0.0492611 0.0492611 
data/deep_blue.wav 221.315 0.114947 0.40629 0.380207 0.111115 0.055048 0.218884 0.0935615 0.0799699 0.0619409 0.292241 0.0789565 0.14792 0.0868991 0.849816 0.610243 0.599909 0.851501 0.713118 0.339195 0.187965 0.162743 0.287974 0.711698 0.782024 0.651463 0.385683 0.348537 0.217976 0.288302 0.712026 0.837257 0.812035 0.660805 0.286882 0.148499 0.417588 0.0246306 0.0246306 
data/deep_blue.wav 223.129 0.136997 0.444192 0.429276 0.054581 0.0155741 0.0168201 0.035705 0.00753517 0.0179446 0.0818873 0.0190984 0.0538145 0.00971124 0.645476 0.891203 0.387611 0.608432 0.569929 0.260242 0.0518644 0.0447807 0.128701 0.743281 1 1 0.401039 0 0 0.256719 0.871299 0.955219 0.948136 0.739758 0.430071 0.391568 0.316069 0.00492612 0.00492612 
data/deep_blue.wav 224.943 0.0522862 0.0712724 0.0318595 0.0440501 0.0148936 0.0511532 0.0349278 0.00927324 0.01762 0.0246721 0.0456371 0.0637331 0.00726912 0.682324 0.351148 0.202596 0.426493 0.723673 0.651178 0.452591 0.210439 0.166503 0.509615 0.591518 0.497994 0.0953817 0.502006 0.408482 0.490385 0.833497 0.789561 0.547409 0.348822 0.276327 0.573507 0.058717 0.00492612 0.00492612 
data/deep_blue.wav 226.757 0.0334597 0.0663553 0.0329399 0.0519496 0.0271408 0.0523879 0.0306087 0.0095142 0.0179911 0.0164664 0.0554825 0.0501564 0.0057261 0.777317 0.392129 0.249868 0.519848 0.747285 0.629491 0.468468 0.286141 0.305107 0.520542 0.49186 0.321841 0.0325055 0.678159 0.50814 0.479458 0.694893 0.713859 0.531532 0.370509 0.252715 0.480152 0.0642474 0 0 
data/deep_blue.wav 228.571 0.03296 0.0905386 0.0436632 0.0641847 0.0141312 0.102417 0.0747808 0.0781298 0.0397088 0.0316684 0.116282 0.105888 0.0113038 0.822381 0.448534 0.333614 0.660645 0.86162 0.684938 0.374486 0.13228 0.0458218 0.428483 0.51847 0.423438 0.0873931 0.576562 0.48153 0.571517 0.954178 0.86772 0.625514 0.315062 0.13838 0.339355 0.139694 0.00492612 0.00492612 
data/deep_blue.wav 230.385 0.0330453 0.046463 0.0254184 0.0424995 0.0329683 0.0665568 0.0345764 0.0345312 0.0185493 0.019136 0.0732268 0.0544815 0.00686455 0.647533 0.286315 0.286826 0.593985 0.792638 0.643537 0.44965 0.27072 0.299211 0.528819 0.502588 0.331433 0.0379347 0.668567 0.497412 0.471181 0.700789 0.72928 0.55035 0.356463 0.207362 0.406015 0.0774863 0 0 
data/deep_blue.wav 232.2 0.0499105 0.158235 0.090634 0.0906271 0.0277904 0.0692569 0.0951811 0.0576119 0.0449251 0.12855 0.100851 0.126386 0.0544911 0.850558 0.353418 0.379304 0.706794 0.843114 0.613969 0.347985 0.175536 0.145623 0.468796 0.51693 0.406187 0.0897688 0.593813 0.48307 0.531204 0.854377 0.824464 0.652015 0.386031 0.156886 0.293206 0.152776 0 0 
data/deep_blue.wav 234.014 0.0975041 0.280048 0.0827865 0.146771 0.192027 0.106434 0.103882 0.0320543 0.0616717 0.490362 0.101737 0.160694 0.032799 0.608222 0.411195 0.561669 0.935464 0.885548 0.522196 0.357538 0.303301 0.407279 0.580272 0.515305 0.344512 0.121121 0.655488 0.484695 0.419728 0.592721 0.696699 0.642462 0.477804 0.114452 0.0645356 0.280943 0.0197045 0.0197045 
data/deep_blue.wav 235.828 0.0603084 0.183723 0.0416117 0.0674283 0.203283 0.105684 0.0529826 0.0181691 0.0517666 0.464742 0.0994903 0.115259 0.0123093 0.456127 0.555999 0.550286 0.972825 0.935688 0.546198 0.284845 0.287947 0.476332 0.610782 0.465159 0.212501 0.0268293 0.787499 0.534841 0.389218 0.523668 0.712053 0.715155 0.453802 0.0643116 0.027175 0.302735 0.00492612 0.00492612 
data/deep_blue.wav 237.642 0.040754 0.153762 0.0418534 0.0707774 0.0647755 0.0725816 0.0500474 0.0498802 0.0514551 0.309223 0.0611176 0.0637866 0.0102632 0.279569 0.622774 0.433458 0.838618 0.944382 0.710793 0.471811 0.291198 0.338435 0.534149 0.481009 0.295165 0.0426544 0.704835 0.518991 0.465851 0.661565 0.708802 0.528189 0.289207 0.0556179 0.161382 0.197634 0 0 
data/deep_blue.wav 239.456 0.0394011 0.224334 0.123285 0.134204 0.0790804 0.0657911 0.0629801 0.0267547 0.043503 0.352016 0.0760923 0.0893675 0.0145086 0.463639 0.53396 0.469689 0.868133 0.956796 0.703197 0.455252 0.287732 0.338075 0.524495 0.45877 0.263277 0.0443079 0.736723 0.54123 0.475505 0.661925 0.712268 0.544748 0.296803 0.0432043 0.131867 0.237198 0 0 
data/deep_blue.wav 241.27 0.096279 0.345 0.14425 0.198547 0.0587627 0.18544 0.137986 0.0893944 0.0984873 0.399779 0.16664 0.386512 0.119668 0.757201 0.247209 0.562809 0.848969 0.864013 0.524534 0.304419 0.224939 0.277477 0.530496 0.527891 0.401313 0.163054 0.598687 0.472109 0.469504 0.722523 0.775061 0.695581 0.475466 0.135987 0.151031 0.277089 0.0197045 0.0197045 
data/deep_blue.wav 243.084 0.107583 0.280576 0.344894 0.287326 0.0918626 0.1526 0.247343 0.0266107 0.064209 0.226598 0.177981 0.265972 0.0432615 0.566881 0.271129 0.565003 0.877487 0.83965 0.505769 0.434149 0.337428 0.380189 0.52848 0.486046 0.366868 0.169965 0.633132 0.513954 0.47152 0.619811 0.662572 0.565851 0.494231 0.16035 0.122513 0.278765 0.0147784 0.0147784 
data/deep_blue.wav 244.898 0.0418436 0.166667 0.147971 0.157341 0.0542717 0.247244 0.181429 0.0600206 0.0501292 0.110086 0.192216 0.187919 0.0331362 0.567058 0.276493 0.506803 0.839786 0.89806 0.589121 0.309154 0.226805 0.311218 0.539118 0.483216 0.291132 0.0770732 0.708868 0.516784 0.460882 0.688782 0.773195 0.690846 0.410879 0.10194 0.160214 0.253865 0 0 
data/deep_blue.wav 246.712 0.0353553 0.16589 0.22552 0.266473 0.0765773 0.217295 0.222975 0.0622225 0.0909726 0.164999 0.219809 0.306674 0.0544536 0.495466 0.325209 0.543903 0.860088 0.9691 0.703304 0.418241 0.248244 0.294338 0.516541 0.458497 0.262352 0.0947482 0.737648 0.541503 0.483459 0.705662 0.751756 0.581759 0.296696 0.0309004 0.139912 0.313834 0.00985225 0.00985225 
data/deep_blue.wav 248.526 0.103709 0.345015 0.283368 0.305189 0.0761385 0.194394 0.258936 0.0839087 0.111299 0.303145 0.302378 0.391848 0.0632682 0.59332 0.285385 0.580803 0.863595 0.917531 0.551117 0.305967 0.231468 0.353083 0.571791 0.482284 0.286973 0.123041 0.713027 0.517716 0.428209 0.646917 0.768532 0.694033 0.448883 0.0824694 0.136405 0.313211 0 0 
data/deep_blue.wav 250.34 0.0968652 0.307543 0.0421732 0.236626 0.156923 0.389327 0.301937 0.101926 0.1058 0.500367 0.186037 0.391784 0.113825 0.644603 0.345138 0.683141 0.952624 0.865891 0.492309 0.421376 0.322621 0.3163 0.48336 0.481243 0.397657 0.233918 0.602343 0.518757 0.51664 0.6837 0.677379 0.578624 0.507691 0.134109 0.0473756 0.417376 0 0 
data/deep_blue.wav 252.154 0.0887687 0.226757 0.0640434 0.300927 0.184979 0.317813 0.307992 0.216998 0.208778 0.12161 0.081999 0.546608 0.087626 0.476433 0.217929 0.615082 0.891623 0.880419 0.594648 0.563364 0.369812 0.322763 0.475006 0.490917 0.422628 0.225949 0.577372 0.509083 0.524994 0.677237 0.630188 0.436636 0.405352 0.119581 0.108377 0.332391 0 0 
data/deep_blue.wav 253.968 0.0363806 0.154953 0.0728248 0.256499 0.113808 0.399087 0.27678 0.279953 0.186303 0.0850785 0.0719339 0.466521 0.075266 0.428497 0.285159 0.623944 0.899975 0.959304 0.694912 0.478793 0.285174 0.262201 0.482252 0.504541 0.400895 0.188248 0.599105 0.495459 0.517748 0.737799 0.714826 0.521207 0.305088 0.0406963 0.100025 0.380757 0.00985225 0.00985225 
data/deep_blue.wav 255.782 0.0728371 0.267413 0.0845662 0.376988 0.237124 0.34568 0.287103 0.244863 0.245871 0.0851054 0.0784094 0.601935 0.0657376 0.490204 0.199734 0.638961 0.895375 0.892771 0.59027 0.507046 0.350283 0.342585 0.493514 0.484915 0.391143 0.212797 0.608857 0.515085 0.506486 0.657415 0.649717 0.492954 0.40973 0.107229 0.104625 0.362417 0.00492612 0.00492612 
data/deep_blue.wav 257.596 0.0727109 0.474822 0.0938162 0.457231 0.223354 0.397359 0.43285 0.438078 0.265274 0.433416 0.154727 0.68818 0.092214 0.543274 0.22357 0.735229 0.911493 0.96741 0.670382 0.529139 0.327229 0.321785 0.520284 0.532367 0.462986 0.286817 0.537014 0.467633 0.479716 0.678215 0.672771 0.470861 0.329618 0.0325902 0.0885072 0.512566 0.0147784 0.0147784 
data/deep_blue.wav 259.41 0.131565 0.491134 0.071668 0.295098 0.269364 0.152792 0.349385 0.213252 0.251823 1 0.2036 0.595611 0.0377001 0.502471 0.455448 0.737608 0.971394 0.855044 0.433157 0.273604 0.178393 0.178337 0.5169 0.618711 0.603943 0.380234 0.396057 0.381289 0.4831 0.821663 0.821607 0.726396 0.566843 0.144956 0.0286061 0.556477 0.0295567 0.0295567 
data/deep_blue.wav 261.224 0.141263 0.291806 0.0416628 0.132401 0.157488 0.0673731 0.125334 0.0624159 0.0814217 0.583593 0.105967 0.319578 0.0157035 0.452713 0.449421 0.511291 0.772905 0.696664 0.396761 0.32793 0.215381 0.171545 0.483271 0.571402 0.526186 0.297111 0.473814 0.428598 0.516729 0.828455 0.784619 0.67207 0.603239 0.303336 0.227095 0.254177 0 0 
data/deep_blue.wav 263.039 0.156718 0.454083 0.570545 0.41014 0.190424 0.188327 0.288112 0.0440198 0.122205 0.35114 0.110348 0.33744 0.127237 0.745397 0.404523 0.622377 0.71367 0.618172 0.304968 0.259069 0.237496 0.388631 0.702849 0.712489 0.563344 0.439138 0.436656 0.287511 0.297151 0.611369 0.762504 0.740931 0.695032 0.381828 0.28633 0.486246 0 0 
data/deep_blue.wav 264.853 0.105492 0.910694 0.776535 0.766731 0.266188 0.298675 0.315468 0.0662546 0.156521 0.694614 0.182428 0.475141 0.168949 0.770459 0.360097 0.833108 0.895951 0.763864 0.352771 0.18236 0.196045 0.354817 0.696761 0.707468 0.551138 0.46121 0.448862 0.292532 0.303239 0.645183 0.803955 0.81764 0.647229 0.236136 0.104049 0.646705 0 0 
data/deep_blue.wav 266.667 0.0951512 0.864171 0.697387 0.737003 0.252483 0.334179 0.374657 0.442541 0.228812 0.367634 0.380165 0.580682 0.236536 0.927543 0.399919 0.884327 0.925012 0.80145 0.389557 0.193847 0.186559 0.385466 0.74301 0.718554 0.522895 0.503636 0.477105 0.281446 0.25699 0.614534 0.813441 0.806153 0.610443 0.19855 0.0749877 0.77896 0.0147784 0.0147784 
data/deep_blue.wav 268.481 0.116139 0.479676 0.865925 0.841398 0.114728 0.203057 0.424648 0.516629 0.219018 0.347408 0.461534 0.438239 0.0563893 0.674672 0.388917 0.884754 0.972137 0.787212 0.369358 0.23932 0.233251 0.473349 0.772085 0.704072 0.516146 0.544808 0.483854 0.295928 0.227915 0.526651 0.766749 0.76068 0.630642 0.212788 0.0278625 0.784136 0.00492612 0.00492612 
data/deep_blue.wav 270.295 0.111148 0.488118 0.337679 0.279176 1 0.248189 0.405212 0.793026 0.351888 0.120797 0.309419 0.879605 0.14978 0.874119 0.518855 0.959737 0.995379 0.735403 0.258732 0.206912 0.342902 0.668663 0.806041 0.620712 0.340817 0.472474 0.659183 0.379288 0.193959 0.331337 0.657098 0.793088 0.741268 0.264597 0.0046211 0.986818 0.00492612 0.00492612 
data/deep_blue.wav 272.109 0.124509 0.606085 0.366872 0.443089 0.476989 0.284617 0.345277 0.669275 0.339181 0.317077 0.234397 0.931079 0.207127 0.978495 0.481676 0.946202 0.971908 0.69368 0.337525 0.276925 0.317128 0.635671 0.805367 0.637138 0.338166 0.608122 0.661834 0.362862 0.194633 0.364329 0.682872 0.723075 0.662475 0.30632 0.0280917 0.849072 0.0147784 0.0147784 
data/deep_blue.wav 273.923 0.0999029 0.928497 0.577871 0.778264 0.218815 0.610525 0.974516 0.443592 0.366857 0.222459 0.45676 0.765852 0.283494 0.785235 0.202282 0.922281 0.936594 0.850466 0.433211 0.289685 0.289518 0.480265 0.671362 0.608265 0.45809 0.440944 0.54191 0.391735 0.328638 0.519735 0.710482 0.710315 0.566789 0.149534 0.0634056 0.76536 0 0 
data/deep_blue.wav 275.737 0.106092 0.92665 0.467113 0.568395 0.107573 0.672767 0.720455 0.437031 0.565163 0.246416 0.470343 0.74578 0.299085 0.799006 0.28296 0.927054 0.916167 0.764882 0.331823 0.165853 0.28134 0.658842 0.79678 0.523918 0.132236 0.412879 0.867764 0.476082 0.20322 0.341158 0.71866 0.834147 0.668177 0.235118 0.0838328 0.739672 0.00492612 0.00492612 
data/deep_blue.wav 277.551 0.0990762 0.794108 0.619569 0.610122 0.129756 0.444787 0.652515 0.324174 0.302129 0.529307 0.738267 0.730804 0.268212 0.782282 0.399697 0.905555 0.912215 0.794053 0.3316 0.145715 0.301081 0.657122 0.768937 0.55647 0.276578 0.358156 0.723422 0.44353 0.231063 0.342878 0.698919 0.854285 0.6684 0.205947 0.087785 0.786075 0 0 
data/deep_blue.wav 279.365 0.173482 0.658503 0.203316 0.38564 0.165081 0.952353 1 0.117221 0.185929 0.222545 0.322317 0.689115 0.235769 0.663628 0.466889 0.876619 0.882498 0.6272 0.145711 0.0824612 0.295376 0.710636 0.855653 0.563077 0.116648 0.400393 0.883352 0.436923 0.144347 0.289364 0.704624 0.917539 0.854289 0.3728 0.117502 0.89452 0 0 
data/deep_blue.wav 281.179 0.138104 0.888229 0.2566 0.514565 0.236369 1 0.809624 0.155364 0.318286 0.527225 0.201142 0.52957 0.215893 0.496073 0.56669 0.943082 0.910371 0.619512 0.167093 0.0707599 0.264543 0.66571 0.810252 0.532788 0.119079 0.500944 0.880921 0.467212 0.189748 0.33429 0.735457 0.92924 0.832907 0.380488 0.0896292 0.881985 0.00985225 0.00985225 
data/deep_blue.wav 282.993 0.096605 0.701748 0.440652 0.39789 0.126767 0.535481 0.378887 0.300322 0.209099 0.727914 0.429252 0.463411 0.171207 0.843365 0.404452 0.876761 0.951153 0.805184 0.319949 0.109196 0.283425 0.648408 0.757142 0.529921 0.226661 0.31051 0.773339 0.470079 0.242858 0.351592 0.716575 0.890804 0.680051 0.194816 0.0488467 0.753192 0 0 
data/deep_blue.wav 284.807 0.134998 0.456865 0.3209 0.555991 0.187603 0.643758 0.611745 0.656207 0.226772 0.157467 0.446174 0.452349 0.0812504 0.978076 0.566859 0.96649 1 0.656247 0.250958 0.211567 0.31066 0.698425 0.859806 0.605332 0.212665 0.604587 0.787335 0.394668 0.140194 0.301575 0.68934 0.788433 0.749042 0.343753 0 0.948998 0.00492612 0.00492612 
data/deep_blue.wav 286.621 0.140272 0.814311 0.222259 0.350069 0.281311 0.436037 0.554783 0.874326 0.807259 0.396202 0.531344 0.908925 0.154917 1 0.458099 0.96015 0.935523 0.671535 0.212688 0.193814 0.378723 0.805604 0.811811 0.473984 0.0998647 0.467697 0.900135 0.526016 0.188189 0.194396 0.621277 0.806186 0.787312 0.328465 0.0644769 0.880111 0.0147784 0.0147784 
data/deep_blue.wav 288.435 0.134521 0.600654 0.271823 0.50575 0.1095 0.423665 0.473598 0.895565 0.786404 0.297911 0.785028 0.864873 0.220681 0.971324 0.48114 1 0.932845 0.630972 0.262211 0.234548 0.373609 0.864761 0.833582 0.413323 0 0.620494 1 0.586677 0.166418 0.135239 0.626391 0.765452 0.737789 0.369028 0.0671552 1 0.00492612 0.00492612 
data/deep_blue.wav 290.249 0.120273 0.920943 0.486979 0.510633 0.142032 0.362989 0.608437 0.592324 0.417005 0.361297 0.733806 0.975855 0.264346 0.830977 0.289942 0.909316 0.931118 0.809539 0.389218 0.280754 0.346356 0.698786 0.758408 0.483657 0.174149 0.407178 0.825851 0.516343 0.241592 0.301214 0.653644 0.719246 0.610782 0.190461 0.0688822 0.770242 0 0 
data/deep_blue.wav 292.063 0.109751 0.645109 0.354441 0.397391 0.086789 0.755332 0.679568 0.138664 0.152347 0.321488 0.474059 0.501356 0.308693 0.757469 0.414672 0.862756 0.941764 0.785072 0.25846 0.0813164 0.309606 0.722807 0.782862 0.512332 0.194551 0.271448 0.805449 0.487668 0.217138 0.277193 0.690394 0.918684 0.74154 0.214928 0.0582355 0.745812 0 0 
data/deep_blue.wav 293.878 0.111484 0.759099 0.329183 0.643325 0.215661 0.524575 0.584574 0.376538 0.344573 0.744958 1 0.693566 0.352013 0.687337 0.277924 0.988787 0.926467 0.689332 0.287484 0.388678 0.466252 0.649464 0.611462 0.403429 0.19272 0.461831 0.80728 0.596571 0.388538 0.350536 0.533748 0.611322 0.712516 0.310668 0.0735326 0.884946 0 0 
data/deep_blue.wav 295.692 0.148563 0.768778 0.282418 0.460861 0.413128 0.223786 0.263784 0.565493 0.758797 0.234375 0.293168 1 0.650835 0.692474 0.557129 0.989129 0.9146 0.519605 0.183294 0.405102 0.49603 0.639034 0.52474 0.386349 0.309579 0.649104 0.690421 0.613651 0.47526 0.360966 0.50397 0.594898 0.816706 0.480395 0.0853998 0.927229 0.00492612 0.00492612 
data/deep_blue.wav 297.506 0.253049 0.708799 0.0534424 0.197714 0.114888 0.0433061 0.0809839 0.135921 0.0770135 0.0639375 0.0932105 0.470098 1 0.367237 0.963345 0.818191 0.658518 0.0713239 0.196246 1 0.878821 0.723458 0.0909913 0.0591986 0.370592 1 0.629408 0.940801 0.909009 0.276542 0.121179 0 0.803754 0.928676 0.341482 0.91302 0.00492612 0.00492612 
data/deep_blue.wav 299.32 0.286756 1 0.0458553 0.153998 0.0724704 0.0327776 0.0827054 0.119339 0.086428 0.0580159 0.0753399 0.360791 0.897568 0.333537 1 0.686974 0.505627 0 0.0562699 0.968776 1 0.802422 0 0 0.432231 0.747279 0.567769 1 1 0.197578 0 0.0312239 0.94373 1 0.494373 0.89939 0 0 
data/deep_blue.wav 301.134 0.196557 0.284938 0.0223708 0.0985294 0.0502202 0.0187192 0.0304698 0.0529273 0.0260499 0.0209241 0.0278204 0.141813 0.392213 0.525162 0.62946 0.403325 0.45177 0.354312 0.400152 0.913612 0.704584 0.524129 0.303216 0.285735 0.323634 0.374501 0.676366 0.714265 0.696784 0.475871 0.295416 0.0863879 0.599848 0.645688 0.54823 0.380056 0 0 
data/deep_blue.wav 302.948 0.0286335 0.0117006 0.00146162 0.0173345 0.0179222 0.00443104 0.00491892 0.00892749 0.00346398 0.00208676 0.00292587 0.0193667 0.00926141 0.346972 0.384336 0.0927211 0.224267 0.659279 0.756152 0.720979 0.367556 0.281866 0.502904 0.545903 0.441003 0.0710358 0.558997 0.454097 0.497096 0.718134 0.632444 0.279021 0.243848 0.340721 0.775733 0.0207255 0 0 
data/deep_blue.wav 304.762 0.00828535 0.0739073 0.0222835 0.0408096 0.0127037 0.0474254 0.0292287 0.00352369 0.00818199 0.0231767 0.0124356 0.0272991 0.00595929 0.704095 0.405804 0.18473 0.432542 0.816988 0.864845 0.753203 0.342234 0.224929 0.478973 0.543762 0.451025 0.0784986 0.548975 0.456238 0.521027 0.775071 0.657766 0.246797 0.135155 0.183012 0.567458 0.0547156 0 0 
data/deep_blue.wav 306.576 0.0146608 0.117326 0.0350231 0.0694438 0.026836 0.0827245 0.0960968 0.0546284 0.0275964 0.0410018 0.0268383 0.0618427 0.017689 0.683099 0.39741 0.291157 0.620568 0.91252 0.864372 0.673027 0.297432 0.202267 0.476781 0.53247 0.426754 0.0829015 0.573246 0.46753 0.523219 0.797733 0.702568 0.326973 0.135628 0.0874799 0.379432 0.120908 0 0 
data/deep_blue.wav 308.39 0.0198149 0.0891182 0.02199 0.0438292 0.0311252 0.0755247 0.0661811 0.0636129 0.0292987 0.200448 0.0331356 0.0445404 0.0121667 0.646979 0.327518 0.337489 0.687471 0.911123 0.774027 0.497818 0.202073 0.148119 0.511238 0.60514 0.517379 0.119709 0.482621 0.39486 0.488762 0.851881 0.797927 0.502182 0.225973 0.0888773 0.312529 0.135964 0 0 
data/deep_blue.wav 310.204 0.01585 0.078383 0.0238646 0.05845 0.0432109 0.0771428 0.0394593 0.0167806 0.018894 0.0569916 0.0203954 0.0716857 0.00868438 0.743022 0.398077 0.255382 0.559234 0.866282 0.819051 0.611827 0.253823 0.153659 0.476524 0.562907 0.475955 0.0933354 0.524045 0.437093 0.523476 0.846341 0.746177 0.388173 0.180949 0.133718 0.440766 0.0966803 0.00492612 0.00492612 
data/deep_blue.wav 312.018 0.0316274 0.227612 0.122147 0.0956559 0.0340118 0.0812874 0.114429 0.164431 0.0632109 0.276723 0.0433364 0.116293 0.115173 0.70894 0.453319 0.487156 0.847362 0.977917 0.756772 0.477564 0.236929 0.228842 0.515865 0.541859 0.412927 0.128426 0.587073 0.458141 0.484135 0.771158 0.763071 0.522436 0.243228 0.022083 0.152638 0.279433 0.044335 0.044335 
data/deep_blue.wav 313.832 0.0660506 0.224113 0.0419563 0.11804 0.0983723 0.112861 0.0994852 0.0957839 0.0746922 0.953085 0.122123 0.187933 0.0671553 0.312097 0.738978 0.648364 0.9738 0.855049 0.401217 0.0903614 0.0955099 0.124708 0.49898 0.579702 0.504658 0.225448 0.495342 0.420298 0.50102 0.875292 0.90449 0.909639 0.598783 0.144951 0.0261996 0.488561 0 0 
data/deep_blue.wav 315.646 0.0674606 0.192771 0.0241541 0.104036 0.105538 0.0701402 0.0995263 0.100139 0.0853324 0.827796 0.10525 0.202022 0.0294755 0.391655 0.658084 0.609853 0.957874 0.840721 0.417571 0.158686 0.142099 0.13831 0.485108 0.593385 0.554722 0.214742 0.445278 0.406615 0.514892 0.86169 0.857901 0.841314 0.582429 0.159279 0.0421256 0.406836 0 0 
data/deep_blue.wav 317.46 0.0490537 0.120544 0.0880692 0.105079 0.0350502 0.110519 0.114707 0.280444 0.0806206 0.177562 0.105667 0.145131 0.0241824 0.514229 0.37612 0.500164 0.856722 0.909832 0.611173 0.308962 0.173981 0.221069 0.544682 0.543405 0.369135 0.128888 0.630865 0.456595 0.455318 0.778931 0.826019 0.691038 0.388827 0.0901678 0.143278 0.241584 0.00985225 0.00985225 
data/deep_blue.wav 319.274 0.0599501 0.0922431 0.0474338 0.110772 0.0556013 0.097793 0.104563 0.402784 0.0769635 0.0470222 0.144376 0.260293 0.0215679 0.396864 0.645781 0.527291 0.884627 0.877031 0.541518 0.265974 0.146603 0.119563 0.470504 0.535519 0.434368 0.161394 0.565632 0.464481 0.529496 0.880437 0.853397 0.734026 0.458482 0.122969 0.115373 0.308871 0 0 
data/deep_blue.wav 321.088 0.0476092 0.184559 0.114578 0.170994 0.0383017 0.239215 0.162691 0.153798 0.0803383 0.0544989 0.0635165 0.197269 0.0339839 0.581594 0.483005 0.483552 0.834589 0.946705 0.702178 0.428191 0.207079 0.15432 0.441312 0.471398 0.356949 0.1093 0.643051 0.528602 0.558688 0.84568 0.792921 0.571809 0.297822 0.0532954 0.165411 0.299026 0 0 
data/deep_blue.wav 322.902 0.0839257 0.101882 0.0303849 0.0733758 0.0472339 0.338548 0.0626278 0.0177176 0.0285249 0.0411989 0.0261314 0.100676 0.0418415 0.267658 0.822295 0.487954 0.84175 0.742153 0.353658 0.140096 0.128481 0.049589 0.35938 0.431944 0.361158 0.113665 0.638842 0.568056 0.64062 0.950411 0.871519 0.859904 0.646342 0.257847 0.15825 0.295419 0.00492612 0.00492612 
data/deep_blue.wav 324.717 0.13885 0.255552 0.0664954 0.136721 0.121643 0.329426 0.197201 0.118947 0.0876822 0.160928 0.313564 0.253952 0.0843284 0.817161 0.334463 0.633333 0.929844 0.755207 0.378164 0.392783 0.327341 0.287193 0.445324 0.472817 0.42073 0.258144 0.57927 0.527183 0.554676 0.712807 0.672659 0.607217 0.621836 0.244793 0.070156 0.314257 0.0295567 0.0295567 
data/deep_blue.wav 326.531 0.103605 0.207037 0.0514372 0.115401 0.430196 0.0567312 0.0743963 0.0441491 0.0606438 0.0979722 0.0580526 0.575521 0.0206128 0.31003 0.630251 0.514981 0.851264 0.755122 0.409761 0.366786 0.28739 0.136316 0.289519 0.33461 0.300574 0.100399 0.699426 0.66539 0.710481 0.863684 0.71261 0.633214 0.590239 0.244878 0.148736 0.25387 0 0 
data/deep_blue.wav 328.345 0.0496009 0.152744 0.0381382 0.0791242 0.0608721 0.0673512 0.0788335 0.0861594 0.0477175 0.139609 0.0454059 0.11733 0.0193105 0.725297 0.415528 0.340011 0.691284 0.936315 0.831524 0.64458 0.311117 0.268128 0.511317 0.524258 0.40014 0.0841495 0.59986 0.475742 0.488683 0.731872 0.688883 0.35542 0.168476 0.0636846 0.308716 0.151982 0 0 
data/deep_blue.wav 330.159 0.0873458 0.400598 0.040541 0.116856 0.106612 0.0837888 0.154077 0.0994017 0.132755 0.89846 0.110208 0.264071 0.094438 0.573834 0.562509 0.64436 0.955865 0.846735 0.471535 0.288304 0.193478 0.183956 0.484445 0.551184 0.495496 0.285347 0.504504 0.448816 0.515555 0.816044 0.806522 0.711696 0.528465 0.153265 0.044135 0.444678 0.00492612 0.00492612 
data/deep_blue.wav 331.973 0.115897 0.306654 0.0450522 0.172224 0.140376 0.0892942 0.220071 0.126946 0.158863 0.924516 0.112839 0.289226 0.0252308 0.398077 0.663949 0.649931 0.961978 0.833225 0.424506 0.226868 0.111759 0.0740013 0.499751 0.632157 0.602992 0.351473 0.397008 0.367843 0.500249 0.925999 0.888241 0.773132 0.575494 0.166775 0.0380215 0.457653 0 0 
data/deep_blue.wav 333.787 0.101341 0.234245 0.0850146 0.114593 0.104377 0.116667 0.204435 0.320963 0.137755 0.571693 0.0967864 0.35636 0.0287268 0.509358 0.436171 0.652438 0.944339 0.791233 0.426757 0.359086 0.243382 0.154742 0.457187 0.590382 0.603873 0.335762 0.396127 0.409618 0.542813 0.845258 0.756618 0.640914 0.573243 0.208767 0.0556611 0.371151 0.00492612 0.00492612 
data/deep_blue.wav 335.601 0.125541 0.184986 0.115772 0.143083 0.0693785 0.120338 0.173693 0.371327 0.16064 0.0938743 0.0927053 0.476194 0.0212213 0.470201 0.420057 0.572141 0.875204 0.749804 0.448624 0.464381 0.274464 0.124158 0.412601 0.527111 0.507261 0.3093 0.492739 0.472889 0.587399 0.875842 0.725536 0.535619 0.551376 0.250196 0.124796 0.278153 0.00492612 0.00492612 
data/deep_blue.wav 337.415 0.0629693 0.126084 0.0483414 0.131679 0.0735985 0.168884 0.190223 0.20663 0.136307 0.0607791 0.074113 0.351365 0.0404674 0.573283 0.263714 0.476699 0.815278 0.913428 0.700632 0.544679 0.289615 0.232477 0.504484 0.556793 0.465629 0.163446 0.534371 0.443207 0.495516 0.767523 0.710385 0.455321 0.299368 0.0865717 0.184722 0.224752 0.00492612 0.00492612 
data/deep_blue.wav 339.229 0.0302419 0.105583 0.0235628 0.114911 0.0483675 0.412391 0.127092 0.104034 0.0868317 0.0536392 0.14622 0.267485 0.0389607 0.286356 0.668962 0.555557 0.918403 0.942217 0.60275 0.259395 0.133543 0.106337 0.432264 0.470185 0.349568 0.117352 0.650432 0.529815 0.567736 0.893663 0.866457 0.740605 0.39725 0.0577829 0.0815969 0.38218 0 0 
data/deep_blue.wav 341.043 0.0414747 0.104191 0.0286686 0.121145 0.0681656 0.311664 0.139507 0.11276 0.105506 0.0534627 0.168233 0.331572 0.038825 0.4205 0.402082 0.522304 0.868253 0.913445 0.632391 0.406969 0.245954 0.217519 0.458763 0.479092 0.37034 0.121026 0.62966 0.520908 0.541237 0.782481 0.754046 0.593031 0.367609 0.0865548 0.131747 0.293503 0 0 
data/deep_blue.wav 342.857 0.0246128 0.0834475 0.0277243 0.118431 0.147595 0.105584 0.164343 0.16808 0.101049 0.0346448 0.0979008 0.367948 0.0197467 0.612088 0.287833 0.42813 0.773515 0.95469 0.793159 0.568528 0.288274 0.248572 0.487959 0.500438 0.367676 0.0920557 0.632324 0.499562 0.512041 0.751428 0.711726 0.431472 0.206841 0.0453103 0.226485 0.205929 0 0 
data/deep_blue.wav 344.671 0.0218922 0.0734962 0.0205402 0.145846 0.18395 0.0566179 0.09181 0.108303 0.0799588 0.0221198 0.0972509 0.43125 0.00891676 0.467669 0.256632 0.392569 0.730894 0.909205 0.778304 0.633204 0.348441 0.273797 0.444386 0.441919 0.313071 0.0604435 0.686929 0.558081 0.555614 0.726203 0.651559 0.366796 0.221696 0.0907948 0.269106 0.170456 0.00492612 0.00492612 
data/deep_blue.wav 346.485 0.0151403 0.163774 0.0564949 0.137342 0.0848484 0.105353 0.152914 0.145953 0.107673 0.177087 0.128489 0.32147 0.0241381 0.710913 0.348222 0.444115 0.782296 0.982042 0.844057 0.613406 0.304898 0.291171 0.535851 0.544134 0.400734 0.122781 0.599266 0.455866 0.464149 0.708829 0.695102 0.386594 0.155943 0.0179582 0.217704 0.238038 0 0 
data/deep_blue.wav 348.299 0.000624389 0.158111 0.0453816 0.076918 0.0399577 0.0572949 0.131063 0.0348698 0.0600893 0.113555 0.057325 0.109942 0.0189968 0.458876 0.311871 0.276724 0.578859 0.916468 0.91535 0.749865 0.335339 0.269336 0.561914 0.648395 0.567564 0.136117 0.432436 0.351605 0.438086 0.730664 0.664661 0.250135 0.0846499 0.0835323 0.421141 0.127133 0 0 
data/deep_blue.wav 350.113 0.00887114 0.172894 0.0331428 0.0971873 0.0399256 0.0745554 0.159451 0.0180991 0.037976 0.083174 0.0432163 0.0914984 0.025049 0.348518 0.497788 0.264856 0.567732 0.921487 0.937373 0.794244 0.366907 0.319713 0.597309 0.679041 0.598789 0.140805 0.401211 0.320959 0.402691 0.680287 0.633093 0.205756 0.0626273 0.0785134 0.432268 0.135174 0.00492612 0.00492612 
data/deep_blue.wav 351.927 0.0474044 0.344811 0.254264 0.205825 0.0918845 0.0898379 0.20468 0.0226325 0.0599032 0.25668 0.0572288 0.119413 0.0261011 0.689085 0.424272 0.513542 0.865935 0.890212 0.599658 0.441327 0.347354 0.436689 0.551722 0.450028 0.247449 0.0653659 0.752551 0.549972 0.448278 0.563311 0.652646 0.558673 0.400342 0.109788 0.134065 0.278786 0 0 
data/deep_blue.wav 353.741 0.0505583 0.332574 0.148566 0.131766 0.102153 0.10873 0.191456 0.0232701 0.0609176 0.23991 0.0619386 0.108624 0.0222499 0.559032 0.448714 0.460329 0.820302 0.925738 0.703516 0.534294 0.330592 0.354346 0.534951 0.499375 0.346781 0.09051 0.653219 0.500625 0.465049 0.645654 0.669408 0.465706 0.296484 0.0742621 0.179698 0.236939 0.00492612 0.00492612 
data/deep_blue.wav 355.556 0.0343163 0.348467 0.254776 0.159718 0.0459834 0.0520235 0.177666 0.118619 0.08991 0.157913 0.0784281 0.153031 0.0185722 0.501897 0.358878 0.46419 0.812667 0.942495 0.731171 0.518673 0.296804 0.280508 0.470929 0.430344 0.258398 0.0606272 0.741602 0.569656 0.529071 0.719492 0.703196 0.481327 0.268829 0.0575045 0.187333 0.244672 0.0147784 0.0147784 
data/deep_blue.wav 357.37 0.00771657 0.149248 0.0626726 0.107147 0.0452291 0.0856274 0.181573 0.046085 0.0398152 0.0848896 0.0372614 0.07675 0.0237924 0.364974 0.612291 0.299007 0.616035 0.945434 0.944144 0.799958 0.373827 0.301944 0.539358 0.585935 0.478532 0.107589 0.521468 0.414065 0.460642 0.698056 0.626173 0.200042 0.0558565 0.0545663 0.383965 0.165376 0.00492612 0.00492612 
data/deep_blue.wav 359.184 0.0150766 0.203368 0.133798 0.16723 0.0463252 0.107114 0.247 0.0301019 0.0440722 0.112614 0.0442428 0.10857 0.0329603 0.365443 0.63913 0.371725 0.711432 0.977951 0.909945 0.736202 0.35323 0.298483 0.529057 0.555594 0.435615 0.109072 0.564385 0.444406 0.470943 0.701517 0.64677 0.263798 0.0900552 0.0220492 0.288568 0.24218 0.00492612 0.00492612 
data/deep_blue.wav 360.998 0.0667557 0.609509 0.144782 0.187498 0.116076 0.0872631 0.218878 0.0249487 0.0737758 0.361614 0.0886774 0.145204 0.0276287 0.530466 0.337944 0.51679 0.878623 0.929972 0.652377 0.482506 0.311342 0.3553 0.539516 0.485092 0.320464 0.115021 0.679536 0.514908 0.460484 0.6447 0.688658 0.517494 0.347623 0.0700278 0.121377 0.281405 0 0 
data/deep_blue.wav 362.812 0.0420185 0.216455 0.0760755 0.106258 0.0692306 0.0803051 0.227487 0.200213 0.0837883 0.089596 0.062442 0.140855 0.0455098 0.510478 0.372915 0.443032 0.801759 0.932129 0.706534 0.515066 0.354313 0.486296 0.645622 0.557408 0.349867 0.06809 0.650133 0.442592 0.354378 0.513704 0.645687 0.484934 0.293466 0.0678712 0.198241 0.213088 0 0 
data/deep_blue.wav 364.626 0.00383307 0.151139 0.0262163 0.0661695 0.0359738 0.0410381 0.137623 0.117707 0.0633152 0.0565463 0.0495804 0.12336 0.031317 0.469962 0.472646 0.282694 0.591528 0.938511 0.966366 0.855964 0.404737 0.295519 0.482166 0.500437 0.377292 0.0722648 0.622708 0.499563 0.517834 0.704481 0.595263 0.144036 0.0336335 0.0614887 0.408472 0.150602 0 0 
data/deep_blue.wav 366.44 0.000401526 0.116388 0.0174562 0.0862768 0.0457627 0.085304 0.184884 0.0303868 0.0244437 0.0560299 0.0267944 0.0662054 0.0213771 0.175054 0.763726 0.248785 0.542095 0.924253 0.988949 0.906633 0.443549 0.396815 0.607025 0.657486 0.560878 0.126677 0.439122 0.342514 0.392975 0.603185 0.556451 0.0933667 0.0110507 0.0757467 0.457905 0.154091 0 0 
data/deep_blue.wav 368.254 0.0178823 0.368978 0.163977 0.119533 0.0387541 0.0689266 0.17112 0.0227471 0.046971 0.0834557 0.0481232 0.0954643 0.023229 0.496724 0.470265 0.365969 0.710648 0.946069 0.851206 0.660559 0.304084 0.219983 0.50236 0.584977 0.511123 0.128223 0.488877 0.415023 0.49764 0.780017 0.695916 0.339441 0.148794 0.0539309 0.289352 0.201481 0.00492612 0.00492612 
data/deep_blue.wav 370.068 0.0316033 0.267813 0.0341853 0.10746 0.114762 0.0896117 0.195519 0.0241177 0.0690971 0.339425 0.0693919 0.110942 0.0436564 0.520086 0.339524 0.44903 0.812363 0.942709 0.737559 0.555572 0.356794 0.429591 0.57883 0.50039 0.302627 0.0629965 0.697373 0.49961 0.42117 0.570409 0.643206 0.444428 0.262441 0.0572908 0.187637 0.235048 0 0 
data/deep_blue.wav 371.882 0.0450399 0.190303 0.0329117 0.106381 0.0485576 0.173642 0.165644 0.0362197 0.0503975 0.0846243 0.0433561 0.1049 0.0584842 0.378579 0.326709 0.367152 0.711162 0.936015 0.818995 0.67241 0.375768 0.404493 0.595129 0.575651 0.425828 0.0901552 0.574172 0.424349 0.404871 0.595507 0.624232 0.32759 0.181005 0.0639854 0.288838 0.175117 0 0 
data/deep_blue.wav 373.696 0.0253678 0.139674 0.0226239 0.0774878 0.0449611 0.108284 0.13966 0.0454557 0.0504007 0.0752312 0.0377802 0.0904408 0.0372269 0.331557 0.320243 0.298779 0.617019 0.923716 0.887491 0.736109 0.36382 0.342034 0.589203 0.633337 0.523882 0.11179 0.476118 0.366663 0.410797 0.657966 0.63618 0.263891 0.112509 0.0762837 0.382981 0.134867 0 0 
data/deep_blue.wav 375.51 0.000366458 0.10081 0.0161984 0.0748729 0.0411979 0.0742422 0.137226 0.0285733 0.0334503 0.0526851 0.0339109 0.0912415 0.0253985 0.422883 0.485833 0.238242 0.522153 0.904867 0.967749 0.885049 0.431549 0.370359 0.577634 0.622971 0.521905 0.111251 0.478095 0.377029 0.422366 0.629641 0.568451 0.114951 0.032251 0.0951333 0.477847 0.126203 0 0 
data/deep_blue.wav 377.324 0.00539311 0.111641 0.0165501 0.0708499 0.0353924 0.118649 0.158487 0.0567062 0.0543876 0.0547478 0.0300328 0.0760681 0.0332475 0.419946 0.332531 0.290216 0.609956 0.956694 0.97125 0.826161 0.372005 0.275012 0.52141 0.582803 0.488476 0.108293 0.511524 0.417197 0.47859 0.724988 0.627995 0.173839 0.0287498 0.0433055 0.390044 0.154445 0.00492612 0.00492612 
data/deep_blue.wav 379.138 0.0208976 0.119135 0.0186832 0.0860513 0.045373 0.154097 0.171538 0.0217613 0.0395819 0.0718548 0.0396429 0.0907546 0.0442725 0.295225 0.431424 0.328299 0.677463 0.977954 0.928849 0.746835 0.35129 0.3088 0.567879 0.62067 0.515781 0.107203 0.484219 0.37933 0.432121 0.6912 0.64871 0.253165 0.0711512 0.0220464 0.322537 0.175608 0 0 
data/deep_blue.wav 380.952 0.014207 0.068594 0.0139737 0.0382206 0.0252094 0.0606066 0.0726239 0.0314742 0.0230082 0.0442232 0.0197756 0.0703256 0.020858 0.555396 0.286056 0.219251 0.482223 0.838719 0.858705 0.744658 0.36507 0.313712 0.556126 0.605748 0.502117 0.0982895 0.497883 0.394252 0.443874 0.686288 0.63493 0.255342 0.141295 0.161281 0.517777 0.0865598 0 0 
data/deep_blue.wav 382.766 0.0365848 0.0432205 0.00772806 0.0181783 0.00779568 0.0147157 0.0311531 0.00839829 0.0110535 0.015348 0.00995342 0.02441 0.00522022 0.294935 0.338761 0.0796706 0.19892 0.662641 0.806018 0.840956 0.465608 0.432569 0.589033 0.602617 0.484574 0.0832816 0.515426 0.397383 0.410967 0.567431 0.534392 0.159044 0.193982 0.337359 0.80108 0.0255189 0 0 
data/deep_blue.wav 384.58 0.0319401 0.139764 0.0453531 0.0327288 0.0064474 0.0115222 0.0363878 0.00710813 0.00955892 0.0545563 0.00993017 0.0216446 0.00576049 0.401905 0.411768 0.180669 0.408888 0.767454 0.783668 0.67949 0.349832 0.332452 0.592526 0.649537 0.550426 0.107013 0.449574 0.350463 0.407474 0.667548 0.650168 0.32051 0.216332 0.232546 0.591112 0.0512399 0 0 
data/deep_blue.wav 386.395 0.0745945 0.211042 0.106031 0.0548518 0.0183731 0.0159934 0.0866259 0.0126883 0.0341305 0.0844279 0.0297624 0.0665685 0.0126184 0.436615 0.231388 0.289917 0.599853 0.811986 0.673309 0.50256 0.300329 0.355036 0.618893 0.646743 0.523789 0.0950776 0.476211 0.353257 0.381107 0.644964 0.699671 0.49744 0.326691 0.188014 0.400147 0.0836559 0.00492612 0.00492612 
data/deep_blue.wav 388.209 0.069662 0.16966 0.056352 0.0379015 0.00758395 0.00416371 0.0408665 0.00623783 0.016935 0.0617446 0.0166091 0.0389372 0.00585601 0.315091 0.356358 0.205274 0.456932 0.780062 0.761933 0.651551 0.354872 0.370736 0.618934 0.660681 0.550693 0.103598 0.449307 0.339319 0.381066 0.629264 0.645128 0.348449 0.238067 0.219938 0.543068 0.0527931 0 0 
data/deep_blue.wav 390.023 0.0764672 0.191731 0.177617 0.065588 0.00961955 0.00517819 0.0317287 0.00507721 0.0156059 0.0567592 0.0135248 0.0358569 0.00618998 0.343325 0.722939 0.316218 0.669794 0.875665 0.742505 0.546888 0.263304 0.145105 0.368811 0.370068 0.229177 0.00571429 0.770823 0.629932 0.631189 0.854895 0.736696 0.453112 0.257495 0.124335 0.330206 0.140952 0 0 
data/deep_blue.wav 391.837 0.144588 0.223667 0.285534 0.095201 0.012729 0.00696817 0.0417506 0.00690331 0.0189908 0.118433 0.0182113 0.0575774 0.00934798 0.197075 0.74653 0.44695 0.860261 0.839253 0.529345 0.379246 0.293547 0.291835 0.417516 0.326365 0.129747 0 0.870253 0.673635 0.582484 0.708165 0.706453 0.620754 0.470655 0.160747 0.139739 0.217112 0 0 
data/deep_blue.wav 393.651 0.169907 0.0898607 0.235231 0.0636695 0.00787786 0.0062518 0.0353633 0.00662286 0.0174834 0.0488281 0.0129832 0.0463067 0.00786807 0.35111 0.594112 0.363989 0.695039 0.712295 0.408896 0.180293 0.149904 0.184977 0.560281 0.699855 0.685133 0.173082 0.314867 0.300145 0.439719 0.815023 0.850096 0.819707 0.591104 0.287705 0.304961 0.137576 0.00492612 0.00492612 
data/deep_blue.wav 395.465 0.121668 0.0951005 0.231143 0.0606792 0.00715603 0.00454654 0.0245377 0.00478216 0.0104044 0.0231768 0.00811646 0.0308882 0.00505174 0.270517 0.590506 0.342661 0.720551 0.858901 0.607565 0.251039 0.0695137 0.0384953 0.531135 0.706383 0.675584 0.152379 0.324416 0.293617 0.468865 0.961505 0.930486 0.748961 0.392435 0.141099 0.279449 0.145112 0.995077 0.995077 
data/deep_blue.wav 397.279 0.11837 0.0715258 0.135706 0.0479765 0.00403725 0.00254346 0.0157833 0.00286648 0.00699558 0.0254558 0.00496359 0.0169277 0.00283256 0.126009 0.732878 0.289817 0.622703 0.816251 0.656146 0.414767 0.184029 0.0983588 0.431481 0.509077 0.418234 0.065841 0.581766 0.490923 0.568519 0.901641 0.815971 0.585233 0.343854 0.183749 0.377297 0.0918828 1 1 
data/deep_blue.wav 399.093 0.0928854 0.0552837 0.0587176 0.0145563 0.00152904 0.00109502 0.00401923 0.00123329 0.00275228 0.00745766 0.00170904 0.00628877 0.00117041 0.104438 0.997578 0.158729 0.371962 0.747542 0.770318 0.627638 0.255435 0.0648164 0.344152 0.40978 0.312591 0.0321318 0.687409 0.59022 0.655848 0.935184 0.744565 0.372362 0.229682 0.252458 0.628038 0.0488117 0.0295567 0.0295567 
data/deep_blue.wav 400.907 0.266279 0.00538466 0.00186846 0.00147817 0.000456644 0.000412433 0.00133576 0.000436968 0.00094366 0.000828444 0.000711447 0.00229189 0.000284265 0.402637 0.487397 0.00434541 0.0105192 0.483811 0.606779 0.619468 0.350117 0.297406 0.521932 0.560221 0.451558 0.0733925 0.548442 0.439779 0.478068 0.702594 0.649883 0.380532 0.393221 0.516189 0.989481 0.00175356 0 0 
data/deep_blue.wav 402.721 0.260355 0.000920732 0.000118594 0.000413619 0.000141165 0.000122353 0.000430655 0.000122805 0.000250507 0.00018332 0.000236717 0.00079013 0.00011208 0.579189 0.127529 2.84945e-05 6.63152e-05 0.475539 0.600966 0.619373 0.355178 0.311649 0.534026 0.571058 0.461799 0.0764523 0.538201 0.428942 0.465974 0.688351 0.644822 0.380627 0.399034 0.524461 0.999934 0.000173069 0 0 
data/deep_blue.wav 404.535 0.839811 3.48523e-05 4.84084e-06 1.27747e-05 4.26957e-06 3.63722e-06 1.52067e-05 4.26653e-06 9.7413e-06 6.88295e-06 8.5864e-06 3.05298e-05 3.62678e-06 0.281774 0.0350934 0 3.41314e-07 0.475475 0.600893 0.619286 0.35513 0.311589 0.533995 0.571037 0.461783 0.076446 0.538217 0.428963 0.466005 0.688411 0.64487 0.380714 0.399107 0.524525 1 9.64259e-06 0 0 
data/deep_blue.wav 406.349 1 0 0 0 0 0 0 0 0 0 0 0 0 0 0 0 0 0.475475 0.600892 0.619286 0.355129 0.311588 0.533995 0.571037 0.461783 0.076446 0.538217 0.428963 0.466005 0.688412 0.644871 0.380714 0.399108 0.524525 1 0 0 0 
