data/deep_blue.wav 0 0.309791 0.000225739 0.000474402 0.000306994 0.000208719 0.00111461 0.000490989 0.000152382 0.000120821 0.000403243 0.000234509 0.000150547 0.000436945 0.307892 132.854 -312.077 5.12179 3.8374 2.2757 0.982102 0.260169 0.0819437 0.187831 0.286609 0.216527 -5.19337e-14 -0.216527 -0.286609 -0.187831 -0.0819437 -0.260169 -0.982102 -2.2757 -3.8374 -5.12179 1.83467e-05 0 0 
data/deep_blue.wav 1.81406 0.018089 0.00090985 0.0017273 0.00160172 0.00136602 0.00612128 0.00343986 0.000722794 0.000487281 0.00150133 0.00161634 0.000781719 0.00136894 0.183635 736.772 -300.243 18.9467 14.9555 9.94134 5.61544 3.00943 2.13714 2.16988 2.09857 1.34195 -5.12495e-14 -1.34195 -2.09857 -2.16988 -2.13714 -3.00943 -5.61544 -9.94134 -14.9555 -18.9467 0.000129112 0 0 
data/deep_blue.wav 3.62812 0.035108 0.00295249 0.00871227 0.00284707 0.0020484 0.00943073 0.00506281 0.00151153 0.00153649 0.00398737 0.00342188 0.00165015 0.00379035 0.610617 346.462 -288.121 27.5205 16.5373 5.4934 0.271209 -0.431224 0.236406 0.17272 -0.390123 -0.412828 -5.15794e-14 0.412828 0.390123 -0.17272 -0.236406 0.431224 -0.271209 -5.4934 -16.5373 -27.5205 0.000180562 0 0 
data/deep_blue.wav 5.44215 0.0406598 0.000876797 0.00136049 0.00173075 0.00184094 0.0169638 0.00221877 0.000577054 0.000637729 0.00265174 0.000908423 0.000606567 0.00345225 0.364011 647.813 -288.408 29.5953 17.1228 5.70129 0.781296 -0.0539501 -0.180308 -0.57346 -0.641042 -0.262721 -5.18173e-14 0.262721 0.641042 0.57346 0.180308 0.0539501 -0.781296 -5.70129 -17.1228 -29.5953 0.000182063 9.76563e-05 9.76563e-05 
data/deep_blue.wav 7.25621 0.0252364 0.000701095 0.00126503 0.000789686 0.00104116 0.0066549 0.00132268 0.000341199 0.000766762 0.00148069 0.00148574 0.000684593 0.00139569 0.364079 700.992 -298.919 20.6918 15.5031 9.13527 3.81604 0.623502 -0.608286 -0.718151 -0.460047 -0.201003 -5.19518e-14 0.201003 0.460047 0.718151 0.608286 -0.623502 -3.81604 -9.13527 -15.5031 -20.6918 0.000105012 0 0 
data/deep_blue.wav 9.07027 0.0191623 0.0011819 0.00252505 0.00165621 0.00140699 0.00595276 0.00316502 0.000750283 0.00126688 0.00265009 0.00390956 0.00170983 0.0016823 0.278172 442.334 -297.486 21.253 15.8512 9.22068 3.85288 1.13411 0.904375 1.79754 2.29625 1.61407 -5.10089e-14 -1.61407 -2.29625 -1.79754 -0.904375 -1.13411 -3.85288 -9.22068 -15.8512 -21.253 0.000139488 0 0 
data/deep_blue.wav 10.8843 0.0382384 0.00253905 0.00734167 0.00259403 0.00189818 0.00625697 0.00469983 0.00109736 0.0010864 0.0058449 0.00330108 0.00153391 0.00300266 0.480822 243.382 -289.025 27.0153 14.6924 3.23317 -1.21323 -0.999169 0.208144 0.634019 0.469172 0.287785 -5.1432e-14 -0.287785 -0.469172 -0.634019 -0.208144 0.999169 1.21323 -3.23317 -14.6924 -27.0153 0.000147935 9.76563e-05 9.76563e-05 
data/deep_blue.wav 12.6984 0.0573685 0.0024753 0.0015672 0.00106593 0.00654341 0.00233595 0.0013184 0.000839276 0.00164982 0.0146341 0.00205333 0.000819602 0.000722143 0.683235 406.605 -285.408 30.1445 11.9768 -1.28918 -3.16277 -0.727204 0.500589 0.121623 -0.211016 -0.0351788 -5.12915e-14 0.0351788 0.211016 -0.121623 -0.500589 0.727204 3.16277 1.28918 -11.9768 -30.1445 0.000162493 9.76563e-05 9.76563e-05 
data/deep_blue.wav 14.5125 0.0343736 0.000462703 0.000431003 0.000339352 0.000875595 0.000389742 0.000297216 0.000139855 0.000610939 0.00430769 0.000604128 0.00015443 0.000207444 0.346524 632.841 -303.915 15.1068 10.5844 5.49381 1.79915 -0.0712696 -0.800882 -1.1461 -1.23898 -0.846928 -5.23946e-14 0.846928 1.23898 1.1461 0.800882 0.0712696 -1.79915 -5.49381 -10.5844 -15.1068 5.62034e-05 9.76563e-05 9.76563e-05 
data/deep_blue.wav 16.3265 0.0210308 0.000651708 0.00132159 0.000798989 0.000549205 0.00292744 0.00328235 0.00974601 0.00342251 0.00128201 0.00528746 0.00117021 0.000356752 0.614564 394.217 -295.155 23.6913 17.8652 10.6001 4.39538 0.332224 -1.70331 -2.40268 -2.23806 -1.35642 -5.22079e-14 1.35642 2.23806 2.40268 1.70331 -0.332224 -4.39538 -10.6001 -17.8652 -23.6913 0.000162222 9.76563e-05 9.76563e-05 
data/deep_blue.wav 18.1406 0.0576443 0.00158899 0.00683712 0.00228602 0.00420201 0.00772623 0.00373344 0.015271 0.0035592 0.00233198 0.00669663 0.00440685 0.00265226 0.761057 347.194 -280.953 31.7926 15.0473 0.871248 -2.31825 -1.57031 -0.713972 -0.394367 0.0731408 0.529111 -5.05802e-14 -0.529111 -0.0731408 0.394367 0.713972 1.57031 2.31825 -0.871248 -15.0473 -31.7926 0.000213821 0 0 
data/deep_blue.wav 19.9546 0.058022 0.00215047 0.00376186 0.00308962 0.00351422 0.0197664 0.00303565 0.00326388 0.00166677 0.0074869 0.00302984 0.00129298 0.00618335 0.683419 366.571 -279.957 33.3962 15.442 0.856598 -2.03173 -0.563265 0.140508 -0.478146 -0.7646 -0.219856 -5.10662e-14 0.219856 0.7646 0.478146 -0.140508 0.563265 2.03173 -0.856598 -15.442 -33.3962 0.000238859 0.000390625 0.000390625 
data/deep_blue.wav 21.7687 0.0478389 0.00109199 0.00140533 0.00137449 0.00272352 0.0102197 0.00132726 0.000693022 0.000739338 0.00261054 0.00120368 0.000710329 0.00308564 0.621409 403.321 -292.186 25.9099 14.1097 3.85154 -0.296861 -0.891912 -0.664053 -0.512825 -0.216971 0.0990745 -5.15882e-14 -0.0990745 0.216971 0.512825 0.664053 0.891912 0.296861 -3.85154 -14.1097 -25.9099 0.000128384 0.000488281 0.000488281 
data/deep_blue.wav 23.5828 0.0318026 0.00156711 0.00329102 0.00124947 0.00301922 0.00141576 0.00228039 0.0125567 0.00119873 0.00375834 0.00260697 0.00225445 0.00220501 0.550547 391.45 -288.976 28.672 17.2235 5.28713 -1.57341 -2.89591 -1.29731 0.276555 0.675174 0.388278 -5.13767e-14 -0.388278 -0.675174 -0.276555 1.29731 2.89591 1.57341 -5.28713 -17.2235 -28.672 0.000164036 0 0 
data/deep_blue.wav 25.3968 0.0660607 0.00228852 0.00640985 0.00203459 0.00333483 0.00421798 0.00297133 0.0197113 0.00198251 0.00249661 0.00221272 0.00372892 0.00632287 0.705307 306.568 -281.171 32.465 14.7284 -1.24236 -5.45965 -3.27244 0.00786188 0.88768 -0.235649 -0.687449 -5.1357e-14 0.687449 0.235649 -0.88768 -0.00786188 3.27244 5.45965 1.24236 -14.7284 -32.465 0.000226944 0.000390625 0.000390625 
data/deep_blue.wav 27.2109 0.0646634 0.00384166 0.00154618 0.00170337 0.00694505 0.00267517 0.00139948 0.00167843 0.00365277 0.01827 0.00189486 0.0013808 0.00255329 0.873911 441.603 -281.634 31.615 11.221 -2.4061 -2.69896 0.369579 0.986402 -0.554471 -1.50835 -0.929454 -5.10201e-14 0.929454 1.50835 0.554471 -0.986402 -0.369579 2.69896 2.4061 -11.221 -31.615 0.000190626 9.76563e-05 9.76563e-05 
data/deep_blue.wav 29.0249 0.0344566 0.00164631 0.00171785 0.0012013 0.0025543 0.0026091 0.00134401 0.000836032 0.00148413 0.00759255 0.00193386 0.000668767 0.00108475 0.685432 461.975 -294.772 23.6822 14.7185 5.36681 -0.207771 -1.66079 -1.02307 -0.343978 -0.199438 -0.179277 -5.18621e-14 0.179277 0.199438 0.343978 1.02307 1.66079 0.207771 -5.36681 -14.7185 -23.6822 0.000105311 0.000488281 0.000488281 
data/deep_blue.wav 30.839 0.0247386 0.00104863 0.00199961 0.00107668 0.00147772 0.00458994 0.00431303 0.0139868 0.00349808 0.00242875 0.00733547 0.0015243 0.000693247 0.533228 515.367 -288.718 27.8293 18.3445 8.36957 2.26659 0.303688 -0.0383791 -0.892418 -1.95936 -1.73809 -5.20919e-14 1.73809 1.95936 0.892418 0.0383791 -0.303688 -2.26659 -8.36957 -18.3445 -27.8293 0.00022441 0 0 
data/deep_blue.wav 32.6531 0.0592141 0.00186461 0.00805035 0.00235103 0.00276808 0.00474252 0.00516954 0.0246508 0.00469834 0.00231226 0.00655373 0.00563441 0.00138926 0.492218 444.424 -277.006 34.5571 15.9848 0.126546 -2.79188 -0.8011 0.804579 0.775313 -0.0792364 -0.0701562 -5.07668e-14 0.0701562 0.0792364 -0.775313 -0.804579 0.8011 2.79188 -0.126546 -15.9848 -34.5571 0.000278415 9.76563e-05 9.76563e-05 
data/deep_blue.wav 34.4671 0.0469313 0.00208791 0.00313557 0.00213107 0.00574797 0.0125676 0.00411813 0.00986246 0.00408099 0.00987258 0.00460353 0.00188218 0.00457528 0.814235 289.565 -280.063 32.2276 16.1163 1.40441 -2.90612 -0.962155 1.18326 0.683035 -1.17037 -1.46026 -5.17252e-14 1.46026 1.17037 -0.683035 -1.18326 0.962155 2.90612 -1.40441 -16.1163 -32.2276 0.000252775 0.000292969 0.000292969 
data/deep_blue.wav 36.2812 0.0445343 0.000918288 0.00131624 0.00223339 0.00282737 0.00358202 0.00197407 0.00117476 0.00146215 0.0022932 0.000919102 0.00285148 0.00156304 0.88053 406.379 -296.78 20.8726 11.6408 2.88414 -1.03409 -0.779698 0.64841 1.1652 0.734596 0.239931 -5.17785e-14 -0.239931 -0.734596 -1.1652 -0.64841 0.779698 1.03409 -2.88414 -11.6408 -20.8726 8.75126e-05 9.76563e-05 9.76563e-05 
data/deep_blue.wav 38.0952 0.0277451 0.00238392 0.005058 0.00260077 0.00451454 0.00496921 0.00415572 0.0098327 0.00185825 0.00464229 0.00270903 0.00250009 0.00336115 0.507388 403.743 -288.047 28.0197 18.6552 7.7402 0.285947 -2.22457 -1.45164 0.0567561 0.804735 0.647166 -5.10266e-14 -0.647166 -0.804735 -0.0567561 1.45164 2.22457 -0.285947 -7.7402 -18.6552 -28.0197 0.000191782 0.000292969 0.000292969 
data/deep_blue.wav 39.9093 0.0634183 0.00179489 0.0109835 0.00168811 0.0024554 0.00214773 0.00331345 0.0214188 0.00182982 0.00180019 0.00160826 0.00303449 0.00208303 0.329853 394.009 -280.089 34.725 16.3159 -0.189401 -4.69924 -2.66854 0.626295 2.16871 1.81384 1.079 -5.07559e-14 -1.079 -1.81384 -2.16871 -0.626295 2.66854 4.69924 0.189401 -16.3159 -34.725 0.000244704 9.76563e-05 9.76563e-05 
data/deep_blue.wav 41.7234 0.0840732 0.00202043 0.0147163 0.00368771 0.00143025 0.00288741 0.00182388 0.00177293 0.000710177 0.00547947 0.00116813 0.000931757 0.00206219 0.800405 421.86 -285.411 30.0842 11.3675 -3.05445 -5.49478 -2.51432 -0.259002 -0.590373 -1.78316 -1.59973 -5.20255e-14 1.59973 1.78316 0.590373 0.259002 2.51432 5.49478 3.05445 -11.3675 -30.0842 0.000164146 0 0 
data/deep_blue.wav 43.5374 0.0449252 0.00205288 0.0103078 0.00330914 0.000796087 0.00114492 0.000793285 0.000505027 0.000557428 0.00382102 0.000861966 0.000622224 0.00264975 0.544286 497.7 -290.994 27.4181 14.7387 2.41906 -3.43344 -3.69893 -2.35152 -2.06014 -2.4716 -1.88757 -5.27104e-14 1.88757 2.4716 2.06014 2.35152 3.69893 3.43344 -2.41906 -14.7387 -27.4181 0.000143728 0 0 
data/deep_blue.wav 45.3515 0.0423428 0.000716479 0.000587509 0.000432284 0.00346026 0.000354283 0.000275918 0.000266689 0.00109164 0.00950507 0.0011644 0.000269513 0.000903892 0.360541 722.681 -292.241 26.8804 14.5091 3.11895 -1.53238 -0.83477 0.570795 -0.0426395 -1.63903 -1.77842 -5.28292e-14 1.77842 1.63903 0.0426395 -0.570795 0.83477 1.53238 -3.11895 -14.5091 -26.8804 0.000125872 0 0 
data/deep_blue.wav 47.1655 0.0389744 0.00205918 0.00421628 0.00296643 0.00208758 0.00749135 0.00397008 0.00125365 0.00238845 0.00339408 0.00385189 0.00197171 0.00225454 0.61598 392.769 -296.717 18.3705 12.2576 5.1745 0.775952 -0.56811 0.153185 0.92539 0.943794 0.584805 -5.10577e-14 -0.584805 -0.943794 -0.92539 -0.153185 0.56811 -0.775952 -5.1745 -12.2576 -18.3705 0.000145762 0 0 
data/deep_blue.wav 48.9796 0.0539747 0.00299793 0.0193249 0.00566353 0.00218522 0.00661589 0.00437116 0.00105037 0.001715 0.00428108 0.00284808 0.00156041 0.00209393 0.67712 394.603 -282.375 30.7947 13.7278 0.845152 -2.0172 -2.17946 -1.77332 -0.573466 1.05798 1.62598 -4.95353e-14 -1.62598 -1.05798 0.573466 1.77332 2.17946 2.0172 -0.845152 -13.7278 -30.7947 0.000234126 0 0 
data/deep_blue.wav 50.7937 0.0512779 0.00492339 0.00728279 0.00380738 0.00809977 0.00832803 0.00554897 0.0115473 0.00383591 0.0151882 0.0122419 0.00311966 0.00435447 0.762105 285.782 -276.469 32.2922 17.1468 2.54862 -1.82603 -1.18478 0.369917 -0.05596 -1.06859 -0.805451 -5.05704e-14 0.805451 1.06859 0.05596 -0.369917 1.18478 1.82603 -2.54862 -17.1468 -32.2922 0.00028194 0.000195313 0.000195313 
data/deep_blue.wav 52.6077 0.0432358 0.00302816 0.0065129 0.00205505 0.00357297 0.00306881 0.00442417 0.0152473 0.00216908 0.00648927 0.0021058 0.00188108 0.0030657 0.464696 359.085 -285.82 28.7559 16.6457 4.12366 -1.97055 -2.70195 -0.63583 0.949249 1.20719 0.819757 -5.06649e-14 -0.819757 -1.20719 -0.949249 0.63583 2.70195 1.97055 -4.12366 -16.6457 -28.7559 0.000198078 0 0 
data/deep_blue.wav 54.4218 0.0297577 0.00392653 0.00873483 0.00502823 0.00461273 0.0122063 0.00572184 0.00412632 0.00300685 0.00832521 0.00850973 0.00237295 0.00402899 0.74232 213.156 -282.155 29.0495 17.7133 5.5889 -1.31779 -2.22406 -0.343527 0.835075 0.563671 0.0647382 -5.05592e-14 -0.0647382 -0.563671 -0.835075 0.343527 2.22406 1.31779 -5.5889 -17.7133 -29.0495 0.000232789 0 0 
data/deep_blue.wav 56.2358 0.0451402 0.00423441 0.0154618 0.003864 0.00185042 0.00762038 0.00326763 0.00108791 0.00214465 0.00502647 0.0100865 0.0017372 0.00232627 0.750914 427.994 -282.107 30.6926 15.3936 1.94765 -2.85929 -2.88331 -1.43758 -0.301763 0.105824 0.24624 -5.04994e-14 -0.24624 -0.105824 0.301763 1.43758 2.88331 2.85929 -1.94765 -15.3936 -30.6926 0.000257121 0 0 
data/deep_blue.wav 58.0499 0.0456048 0.00506178 0.00809988 0.00511718 0.00955989 0.0129035 0.00611681 0.00492511 0.00429782 0.0195714 0.00862873 0.0028109 0.00816313 0.828678 227.884 -273.42 32.9842 15.8227 0.507452 -3.28407 -1.0625 1.24595 0.816526 -0.879703 -0.997039 -5.04132e-14 0.997039 0.879703 -0.816526 -1.24595 1.0625 3.28407 -0.507452 -15.8227 -32.9842 0.000311885 9.76563e-05 9.76563e-05 
data/deep_blue.wav 59.8639 0.0784501 0.00468136 0.0205839 0.00776248 0.00384533 0.00606229 0.00486596 0.00162117 0.00205776 0.0108971 0.00380074 0.0022115 0.00395186 0.574356 357.51 -277.568 32.683 12.4066 -2.66886 -3.28135 -1.04934 -0.0873427 -0.999669 -2.06826 -1.23971 -5.03863e-14 1.23971 2.06826 0.999669 0.0873427 1.04934 3.28135 2.66886 -12.4066 -32.683 0.00022804 0 0 
data/deep_blue.wav 61.678 0.0511008 0.00312952 0.0103531 0.00770778 0.00332767 0.0119801 0.00655732 0.0100053 0.00417384 0.0107882 0.00670505 0.00229148 0.00381974 0.83368 304.268 -278.231 31.7312 17.6187 3.78058 -1.44635 -1.57648 -0.419426 -0.602766 -1.53687 -1.22428 -5.08939e-14 1.22428 1.53687 0.602766 0.419426 1.57648 1.44635 -3.78058 -17.6187 -31.7312 0.000298968 0.000292969 0.000292969 
data/deep_blue.wav 63.4921 0.0438466 0.00208184 0.0044028 0.00216094 0.00598855 0.0142974 0.00386962 0.0108742 0.00396092 0.00297865 0.00404868 0.00252723 0.00229776 0.753902 321.201 -280.936 31.213 13.9356 0.159286 -3.08146 -1.34944 0.0192144 -0.600975 -1.81089 -1.56043 -5.13196e-14 1.56043 1.81089 0.600975 -0.0192144 1.34944 3.08146 -0.159286 -13.9356 -31.213 0.000238111 0.000195313 0.000195313 
data/deep_blue.wav 65.3061 0.0481099 0.00337113 0.00771582 0.00309198 0.00626188 0.00801084 0.00400026 0.0143876 0.00373861 0.010265 0.00561162 0.00259631 0.00464614 0.938086 288.096 -278.504 31.824 15.6546 1.33525 -2.62494 -1.19344 0.162855 -0.577805 -1.96952 -1.66112 -5.13556e-14 1.66112 1.96952 0.577805 -0.162855 1.19344 2.62494 -1.33525 -15.6546 -31.824 0.000250729 0 0 
data/deep_blue.wav 67.1202 0.0555983 0.00184949 0.00348171 0.00262876 0.00506691 0.0107027 0.00257375 0.00134328 0.00165905 0.00364213 0.00142705 0.00331676 0.00451035 0.583607 381.079 -287.565 28.6045 14.7071 1.98424 -1.82229 -0.267419 1.7849 1.59157 0.188724 -0.325939 -5.17768e-14 0.325939 -0.188724 -1.59157 -1.7849 0.267419 1.82229 -1.98424 -14.7071 -28.6045 0.000145451 0 0 
data/deep_blue.wav 68.9342 0.0660372 0.00513491 0.00737638 0.00504133 0.00724701 0.0124604 0.00440332 0.0112141 0.00438838 0.0110259 0.00419765 0.0056711 0.00750455 0.819248 228.011 -275.962 31.9079 13.7829 -1.03013 -2.8136 -0.445622 1.24608 0.894083 -0.458819 -0.52067 -5.01935e-14 0.52067 0.458819 -0.894083 -1.24608 0.445622 2.8136 1.03013 -13.7829 -31.9079 0.000240952 9.76563e-05 9.76563e-05 
data/deep_blue.wav 70.7483 0.0492584 0.0028524 0.00309079 0.00236286 0.00567084 0.0126849 0.00206378 0.00387574 0.00204552 0.00980804 0.00436874 0.00319013 0.015456 0.597002 193.969 -280.937 31.2761 16.7532 2.28414 -2.9066 -2.05366 0.639643 1.59705 0.565834 0.04762 -5.07834e-14 -0.04762 -0.565834 -1.59705 -0.639643 2.05366 2.9066 -2.28414 -16.7532 -31.2761 0.000218295 0 0 
data/deep_blue.wav 72.5624 0.0582355 0.00477212 0.00275382 0.00493142 0.0115912 0.0178928 0.00289917 0.00547087 0.00442696 0.0131226 0.00541583 0.00529455 0.0180653 0.671862 230.78 -271.631 33.9197 13.97 -2.03626 -3.54946 0.248523 2.19973 0.939913 -0.86953 -0.726207 -5.02807e-14 0.726207 0.86953 -0.939913 -2.19973 -0.248523 3.54946 2.03626 -13.97 -33.9197 0.000302975 9.76563e-05 9.76563e-05 
data/deep_blue.wav 74.3764 0.0508222 0.00267897 0.00223891 0.00164259 0.00429668 0.00322838 0.00147102 0.000915509 0.00440646 0.0132325 0.00170103 0.000957926 0.00187228 0.691454 459.573 -286.566 29.7474 14.6056 1.79358 -1.88203 -0.753599 0.136535 -0.309815 -0.841852 -0.571526 -5.18889e-14 0.571526 0.841852 0.309815 -0.136535 0.753599 1.88203 -1.79358 -14.6056 -29.7474 0.000160123 0.000292969 0.000292969 
data/deep_blue.wav 76.1905 0.0361089 0.00328742 0.00622892 0.002306 0.00360973 0.00679423 0.00328419 0.00478222 0.00261868 0.00558134 0.00464158 0.00147034 0.00167319 0.712064 232.555 -290.139 23.7012 12.8412 2.77505 -1.27967 -1.13302 -0.253865 -0.218612 -0.504664 -0.365194 -5.14235e-14 0.365194 0.504664 0.218612 0.253865 1.13302 1.27967 -2.77505 -12.8412 -23.7012 0.000147144 0.000292969 0.000292969 
data/deep_blue.wav 78.0045 0.05932 0.00372023 0.0104333 0.00437293 0.00767272 0.0108694 0.00615206 0.0280854 0.006246 0.00513796 0.0188596 0.00511443 0.00328823 0.783499 362.741 -269.029 34.193 14.0289 -1.07573 -2.65823 -1.2764 -0.88405 -1.2952 -1.42127 -0.561236 -4.89948e-14 0.561236 1.42127 1.2952 0.88405 1.2764 2.65823 1.07573 -14.0289 -34.193 0.000401013 0 0 
data/deep_blue.wav 79.8186 0.0708141 0.00275886 0.011992 0.00349286 0.00516051 0.008047 0.00388337 0.0271536 0.00370018 0.00441399 0.0093355 0.00425647 0.00244002 0.778703 377.086 -271.68 33.9448 10.2066 -5.06441 -4.22182 -1.32442 -1.56436 -2.2924 -1.60324 -0.287862 -4.93635e-14 0.287862 1.60324 2.2924 1.56436 1.32442 4.22182 5.06441 -10.2066 -33.9448 0.000320265 9.76563e-05 9.76563e-05 
data/deep_blue.wav 81.6327 0.0590162 0.00258785 0.00997915 0.00359118 0.00597347 0.0212842 0.00434412 0.00469801 0.00237578 0.00899142 0.00331097 0.00189838 0.00521267 0.847965 266.248 -277.074 32.384 12.6919 -2.20604 -3.52483 -0.862411 -0.104409 -1.33722 -1.97846 -1.00002 -5.07854e-14 1.00002 1.97846 1.33722 0.104409 0.862411 3.52483 2.20604 -12.6919 -32.384 0.000249492 0.000390625 0.000390625 
data/deep_blue.wav 83.4467 0.0581152 0.00342301 0.00680026 0.00320366 0.0051715 0.0119148 0.00304281 0.00234879 0.00201997 0.0113924 0.00382319 0.0026111 0.0061895 0.645337 214.753 -284.315 28.4046 14.9088 1.99736 -1.92157 -1.35152 -0.269526 -0.781933 -1.80124 -1.24359 -5.15387e-14 1.24359 1.80124 0.781933 0.269526 1.35152 1.92157 -1.99736 -14.9088 -28.4046 0.00019359 9.76563e-05 9.76563e-05 
data/deep_blue.wav 85.2608 0.0523353 0.0028773 0.00701605 0.00373758 0.0071731 0.00286744 0.00305328 0.014789 0.00376499 0.0130332 0.00359308 0.00412562 0.0212658 0.814562 267.952 -273.19 34.5416 15.0469 -1.58002 -4.88321 -1.14219 1.99544 0.697746 -2.26772 -2.48925 -5.13157e-14 2.48925 2.26772 -0.697746 -1.99544 1.14219 4.88321 1.58002 -15.0469 -34.5416 0.000297641 0 0 
data/deep_blue.wav 87.0748 0.0683056 0.00321831 0.00139431 0.00232904 0.0118991 0.00541278 0.00184872 0.00652491 0.00370692 0.0224473 0.00310604 0.00211813 0.00596459 0.638003 314.353 -275.691 34.8944 13.6674 -2.74067 -3.91157 0.115377 2.05622 0.752981 -1.14552 -1.07594 -5.11418e-14 1.07594 1.14552 -0.752981 -2.05622 -0.115377 3.91157 2.74067 -13.6674 -34.8944 0.000266251 0.000195313 0.000195313 
data/deep_blue.wav 88.8889 0.0563597 0.00609384 0.0157709 0.00184766 0.00169373 0.00497454 0.0017676 0.00126569 0.00149627 0.00815809 0.00141528 0.000822109 0.0025447 0.654337 289.34 -282.898 31.0161 12.2806 -2.60386 -5.56968 -2.72534 -0.489418 -0.551228 -1.34685 -1.08462 -5.1689e-14 1.08462 1.34685 0.551228 0.489418 2.72534 5.56968 2.60386 -12.2806 -31.0161 0.000175741 0.000195313 0.000195313 
data/deep_blue.wav 90.7029 0.0643415 0.00126799 0.00420312 0.000716044 0.000350523 0.000483105 0.000347398 0.000242109 0.000247257 0.00176879 0.000389026 0.00021811 0.000304869 0.423086 503.089 -302.853 15.6448 9.2138 2.89646 -0.530722 -1.35118 -1.42769 -1.91811 -2.36632 -1.74654 -5.27952e-14 1.74654 2.36632 1.91811 1.42769 1.35118 0.530722 -2.89646 -9.2138 -15.6448 5.10681e-05 0 0 
data/deep_blue.wav 92.517 0.0495563 0.00118959 0.00191357 0.00107741 0.00341315 0.0111008 0.00114674 0.0039969 0.000958158 0.00164473 0.00507592 0.0016968 0.00437401 0.860964 526.41 -289.133 26.7065 12.7157 -0.0789838 -5.23735 -4.93421 -3.49612 -2.77099 -2.25958 -1.26872 -5.21524e-14 1.26872 2.25958 2.77099 3.49612 4.93421 5.23735 0.0789838 -12.7157 -26.7065 0.000162067 9.76563e-05 9.76563e-05 
data/deep_blue.wav 94.3311 0.0496933 0.00198024 0.0051479 0.00259478 0.00600115 0.0171257 0.00212476 0.00686777 0.00178337 0.00251159 0.00688687 0.00235058 0.00619236 1.02005 448.626 -280.581 31.5909 13.9955 -1.40601 -6.05412 -4.86657 -3.19829 -2.60728 -2.24863 -1.21944 -5.15139e-14 1.21944 2.24863 2.60728 3.19829 4.86657 6.05412 1.40601 -13.9955 -31.5909 0.000252205 0.00078125 0.00078125 
data/deep_blue.wav 96.1451 0.0446359 0.00152663 0.00648428 0.00305925 0.00527793 0.0117716 0.00200952 0.00846775 0.00168275 0.00600402 0.00483606 0.0020328 0.00770373 0.923845 339.483 -281.321 31.3551 15.3111 0.596985 -4.55713 -3.73125 -2.18309 -2.0291 -2.38391 -1.65284 -5.18089e-14 1.65284 2.38391 2.0291 2.18309 3.73125 4.55713 -0.596985 -15.3111 -31.3551 0.000237816 9.76563e-05 9.76563e-05 
data/deep_blue.wav 97.9592 0.0633814 0.0020324 0.00865876 0.00337764 0.00531977 0.0154999 0.00190496 0.00148146 0.00158443 0.0130907 0.00239934 0.00195376 0.00707025 1.01308 374.668 -278.37 32.8364 12.4444 -3.48561 -5.51714 -2.79028 -1.36296 -1.75706 -2.10482 -1.09711 -5.11575e-14 1.09711 2.10482 1.75706 1.36296 2.79028 5.51714 3.48561 -12.4444 -32.8364 0.000244652 9.76563e-05 9.76563e-05 
data/deep_blue.wav 99.7732 0.0522204 0.00267023 0.0064404 0.00315278 0.00684256 0.0138881 0.00201627 0.00328251 0.00257216 0.011327 0.0077609 0.00232087 0.0100596 0.700601 250.604 -279.677 31.4518 16.0314 0.949118 -4.18814 -3.22183 -1.21004 -0.903215 -1.72829 -1.39498 -5.15243e-14 1.39498 1.72829 0.903215 1.21004 3.22183 4.18814 -0.949118 -16.0314 -31.4518 0.000251051 9.76563e-05 9.76563e-05 
data/deep_blue.wav 101.587 0.0565843 0.00306539 0.0116583 0.00362999 0.00650868 0.015108 0.00257712 0.00853921 0.00231454 0.00553177 0.0141018 0.00322286 0.0132418 0.807064 214.438 -274.47 33.2081 15.111 -0.887955 -4.35909 -2.2119 -0.380983 -0.963678 -2.2629 -1.6985 -5.10076e-14 1.6985 2.2629 0.963678 0.380983 2.2119 4.35909 0.887955 -15.111 -33.2081 0.000297657 9.76563e-05 9.76563e-05 
data/deep_blue.wav 103.401 0.065364 0.00392765 0.00585022 0.00438001 0.0104601 0.0227758 0.00385988 0.00521341 0.003437 0.0100619 0.00949099 0.00449131 0.0120488 0.768141 161.78 -274.726 31.8361 15.0097 -0.415694 -3.37942 -1.375 -0.167318 -1.00873 -1.9367 -1.21295 -5.09487e-14 1.21295 1.9367 1.00873 0.167318 1.375 3.37942 0.415694 -15.0097 -31.8361 0.000264723 9.76563e-05 9.76563e-05 
data/deep_blue.wav 105.215 0.0534084 0.0033065 0.00564298 0.00400131 0.0109631 0.0265585 0.00332988 0.00322763 0.00334752 0.0122536 0.00463219 0.00425291 0.0109658 0.579472 214.977 -273.134 32.8607 13.5365 -2.20011 -4.52245 -1.58193 -0.300122 -1.5273 -2.67671 -1.81403 -5.09448e-14 1.81403 2.67671 1.5273 0.300122 1.58193 4.52245 2.20011 -13.5365 -32.8607 0.000282188 0.000390625 0.000390625 
data/deep_blue.wav 107.029 0.0768155 0.00671281 0.0456754 0.0161715 0.0079082 0.0292281 0.00602723 0.00292933 0.00368023 0.0200318 0.00522336 0.00328484 0.0142896 1.02023 459.857 -260.404 32.9033 8.11428 -9.64712 -9.79145 -4.21409 2.10887 4.72438 2.6795 0.644515 -4.62699e-14 -0.644515 -2.6795 -4.72438 -2.10887 4.21409 9.79145 9.64712 -8.11428 -32.9033 0.000705461 0.000390625 0.000390625 
data/deep_blue.wav 108.844 0.0900941 0.00734294 0.0381781 0.0135374 0.00949299 0.0258652 0.00544327 0.00294543 0.00308253 0.0185247 0.00518044 0.00252185 0.00877325 1.1388 594.384 -262.263 32.5836 5.84193 -9.71174 -8.72711 -4.12005 1.57268 4.56183 3.94864 2.25945 -4.43612e-14 -2.25945 -3.94864 -4.56183 -1.57268 4.12005 8.72711 9.71174 -5.84193 -32.5836 0.000615769 9.76563e-05 9.76563e-05 
data/deep_blue.wav 110.658 0.0746476 0.00626045 0.0364934 0.0148414 0.00861362 0.0270827 0.00858459 0.0214523 0.0058952 0.0191792 0.0117956 0.00528021 0.0203268 1.02955 316.138 -255.203 35.6209 11.1581 -6.00537 -6.32392 -2.75999 1.84221 4.19952 2.37928 0.513507 -4.53229e-14 -0.513507 -2.37928 -4.19952 -1.84221 2.75999 6.32392 6.00537 -11.1581 -35.6209 0.000646705 0.000585937 0.000585937 
data/deep_blue.wav 112.472 0.0778552 0.00578714 0.0226865 0.0155573 0.0126925 0.0147997 0.00751578 0.0288657 0.00809201 0.0158319 0.0186053 0.0054197 0.0040786 1.01596 269.954 -259.156 36.216 11.9358 -5.67081 -6.22133 -2.20228 2.56592 3.93726 1.36855 -0.465554 -4.6764e-14 0.465554 -1.36855 -3.93726 -2.56592 2.20228 6.22133 5.67081 -11.9358 -36.216 0.000534371 0 0 
data/deep_blue.wav 114.286 0.076697 0.00450534 0.016464 0.0119864 0.0263062 0.0236767 0.0105161 0.0291143 0.00786555 0.00612246 0.0157776 0.00729648 0.00873073 0.871654 433.057 -257.266 35.7958 10.7425 -6.26467 -6.70863 -1.54615 4.44981 5.18619 0.824695 -1.6051 -4.64098e-14 1.6051 -0.824695 -5.18619 -4.44981 1.54615 6.70863 6.26467 -10.7425 -35.7958 0.000598077 9.76563e-05 9.76563e-05 
data/deep_blue.wav 116.1 0.0747585 0.00473861 0.0149875 0.00832551 0.0356917 0.0312663 0.0070857 0.0242152 0.00764701 0.011439 0.00848358 0.0079129 0.0109206 0.864053 408.989 -253.536 36.1823 8.31084 -8.24866 -8.0085 -1.48274 4.85512 5.29868 0.512317 -2.42571 -4.60291e-14 2.42571 -0.512317 -5.29868 -4.85512 1.48274 8.0085 8.24866 -8.31084 -36.1823 0.000668444 9.76563e-05 9.76563e-05 
data/deep_blue.wav 117.914 0.0861472 0.00700924 0.0286844 0.0162513 0.0156509 0.0262992 0.00912226 0.0306375 0.00829685 0.00762836 0.0105536 0.0090793 0.0199998 0.97436 288.85 -255.646 34.713 11.8298 -5.07084 -6.70566 -2.49063 2.77256 4.15457 1.27998 -0.572168 -4.61782e-14 0.572168 -1.27998 -4.15457 -2.77256 2.49063 6.70566 5.07084 -11.8298 -34.713 0.000599673 0.000292969 0.000292969 
data/deep_blue.wav 119.728 0.0738963 0.0064723 0.0276685 0.0113197 0.00410793 0.0466798 0.0132115 0.0182751 0.00846509 0.00739166 0.0153119 0.00437629 0.0291368 0.801519 227.325 -254.396 34.9149 10.8623 -6.05287 -7.71516 -2.98594 3.05993 4.18858 -0.0129824 -2.54127 -4.65137e-14 2.54127 0.0129824 -4.18858 -3.05993 2.98594 7.71516 6.05287 -10.8623 -34.9149 0.000635733 9.76563e-05 9.76563e-05 
data/deep_blue.wav 121.542 0.0747595 0.00859182 0.037282 0.0138062 0.00638591 0.0400293 0.0154436 0.0231167 0.00721552 0.0202289 0.0191328 0.00552745 0.0239867 1.02082 399.857 -250.205 35.2734 10.0899 -7.0923 -8.38833 -2.70817 4.02439 4.63599 -0.0292544 -2.19585 -4.54745e-14 2.19585 0.0292544 -4.63599 -4.02439 2.70817 8.38833 7.0923 -10.0899 -35.2734 0.000797579 0 0 
data/deep_blue.wav 123.356 0.0955084 0.00483613 0.00893745 0.00723009 0.00904668 0.0507002 0.0134566 0.0195685 0.00476699 0.0205713 0.0274708 0.00660432 0.0141402 0.939387 330.496 -254.016 34.4337 6.26545 -9.37302 -6.99049 0.58592 7.20936 4.82696 -2.18655 -3.73903 -4.54284e-14 3.73903 2.18655 -4.82696 -7.20936 -0.58592 6.99049 9.37302 -6.26545 -34.4337 0.000729383 9.76563e-05 9.76563e-05 
data/deep_blue.wav 125.17 0.102932 0.00246034 0.0114635 0.00420445 0.00387711 0.0297637 0.00354587 0.0337134 0.012348 0.0173354 0.00858367 0.00252071 0.00585569 1.07445 626.692 -263.317 28.6471 -1.6774 -15.9594 -11.5333 0.182392 9.62669 8.41731 2.24337 -0.871097 -4.53562e-14 0.871097 -2.24337 -8.41731 -9.62669 -0.182392 11.5333 15.9594 1.6774 -28.6471 0.000736264 0 0 
data/deep_blue.wav 126.984 0.0943518 0.00240995 0.0199774 0.00350713 0.00386199 0.00635467 0.00135511 0.00231309 0.00175359 0.0209504 0.0127684 0.0018652 0.00247115 1.02575 637.448 -275.048 30.1303 4.94041 -10.4877 -11.5119 -9.28334 -4.82705 -0.64292 0.984154 1.03443 -4.67387e-14 -1.03443 -0.984154 0.64292 4.82705 9.28334 11.5119 10.4877 -4.94041 -30.1303 0.000414461 9.76563e-05 9.76563e-05 
data/deep_blue.wav 128.798 0.0598318 0.00158349 0.00215109 0.00103205 0.00362696 0.00611643 0.00107428 0.00786378 0.00109367 0.00368321 0.00116638 0.00189771 0.00749916 0.900435 334.109 -286.627 28.4606 11.3127 -1.78402 -4.28087 -2.68186 -2.2566 -2.70006 -2.19577 -0.877148 -5.18132e-14 0.877148 2.19577 2.70006 2.2566 2.68186 4.28087 1.78402 -11.3127 -28.4606 0.000153144 0 0 
data/deep_blue.wav 130.612 0.105348 0.000825097 0.000915067 0.000792046 0.00893361 0.00103481 0.000614331 0.00166692 0.000949946 0.000542779 0.000604455 0.00516024 0.00173946 0.650884 342.643 -290.887 22.9862 1.78482 -9.80812 -6.31281 -0.168712 0.381204 -2.07627 -2.57388 -1.09127 -5.1959e-14 1.09127 2.57388 2.07627 -0.381204 0.168712 6.31281 9.80812 -1.78482 -22.9862 9.63478e-05 0 0 
data/deep_blue.wav 132.426 0.0759448 0.000343898 0.000371356 0.000472993 0.00436132 0.000305351 0.000267752 0.00100771 0.000356498 0.000204737 0.000208378 0.00213101 0.000881657 0.557706 300.625 -301.133 15.0451 3.42214 -3.94765 -3.63887 -0.888793 -0.448414 -1.76457 -2.24601 -1.33364 -5.25253e-14 1.33364 2.24601 1.76457 0.448414 0.888793 3.63887 3.94765 -3.42214 -15.0451 4.77947e-05 0 0 
data/deep_blue.wav 134.24 0.0214321 0.00146122 0.00430335 0.00193604 0.00128463 0.00635261 0.00309098 0.00103207 0.00079205 0.00327566 0.0029592 0.00141454 0.00252158 0.58934 286.722 -294.956 23.2819 16.2039 7.8396 1.47813 -1.34916 -1.20336 0.145045 1.08178 0.937612 -5.1198e-14 -0.937612 -1.08178 -0.145045 1.20336 1.34916 -1.47813 -7.8396 -16.2039 -23.2819 0.000128018 0 0 
data/deep_blue.wav 136.054 0.0368466 0.00147073 0.00343225 0.00303858 0.00242035 0.018977 0.00443745 0.00123675 0.00129888 0.0050002 0.0027645 0.00139935 0.00584023 0.469086 376.232 -285.527 28.8405 16.1314 4.32183 -0.13939 -0.325956 0.376021 0.525677 0.240133 0.120356 -5.11192e-14 -0.120356 -0.240133 -0.525677 -0.376021 0.325956 0.13939 -4.32183 -16.1314 -28.8405 0.000205168 0 0 
data/deep_blue.wav 137.868 0.051158 0.00326151 0.00274983 0.00255978 0.0124815 0.0110167 0.00356542 0.0017984 0.00283675 0.0213511 0.00452425 0.00192737 0.00413221 0.540346 330.732 -274.321 35.7964 14.6245 -2.694 -5.14698 -0.476713 2.60738 1.78731 -0.577995 -1.18984 -5.14964e-14 1.18984 0.577995 -1.78731 -2.60738 0.476713 5.14698 2.694 -14.6245 -35.7964 0.000287118 0 0 
data/deep_blue.wav 139.683 0.0379098 0.0017057 0.00134938 0.000982201 0.00381696 0.00147457 0.000734617 0.000449936 0.000966335 0.0107428 0.00182355 0.000444933 0.000600295 0.291057 621.163 -290.692 27.6785 14.8325 3.2151 -1.5111 -1.12605 -0.00368889 -0.255121 -1.06668 -1.0163 -5.23404e-14 1.0163 1.06668 0.255121 0.00368889 1.12605 1.5111 -3.2151 -14.8325 -27.6785 0.000131652 0 0 
data/deep_blue.wav 141.497 0.0217004 0.00111757 0.00239899 0.00176485 0.00140143 0.00641172 0.00304011 0.000747482 0.00140597 0.0032996 0.00449114 0.00172268 0.00165046 0.463586 339.241 -297.031 21.129 15.438 8.45454 2.87695 0.0496727 -0.257079 0.615519 1.25398 0.986425 -5.12132e-14 -0.986425 -1.25398 -0.615519 0.257079 -0.0496727 -2.87695 -8.45454 -15.438 -21.129 0.000128419 9.76563e-05 9.76563e-05 
data/deep_blue.wav 143.311 0.0322192 0.00193413 0.00313733 0.0030237 0.00239358 0.0160317 0.00382225 0.00168797 0.001948 0.00417034 0.00394363 0.00218084 0.0047725 0.469474 306.269 -288.369 26.7983 16.4728 5.97666 1.03129 -0.031534 0.315901 0.411734 0.0645524 -0.00828877 -5.12726e-14 0.00828877 -0.0645524 -0.411734 -0.315901 0.031534 -1.03129 -5.97666 -16.4728 -26.7983 0.000184968 9.76563e-05 9.76563e-05 
data/deep_blue.wav 145.125 0.0581223 0.0031901 0.013751 0.00528012 0.00325773 0.0117886 0.00425633 0.00148305 0.00157186 0.0109396 0.00330225 0.00188826 0.00604671 0.688372 295.714 -278.188 32.6335 12.9189 -2.92869 -4.97205 -0.957586 1.39334 0.211641 -1.87795 -1.8284 -5.17692e-14 1.8284 1.87795 -0.211641 -1.39334 0.957586 4.97205 2.92869 -12.9189 -32.6335 0.000225263 0 0 
data/deep_blue.wav 146.939 0.0570107 0.00176822 0.014643 0.00309554 0.00107084 0.00115658 0.00150053 0.000407962 0.000536476 0.00506628 0.000803774 0.000546361 0.000769696 0.485421 492.39 -287.217 29.3655 11.6201 -3.16101 -6.66617 -3.11269 0.124465 -0.253978 -2.2455 -2.3261 -5.28815e-14 2.3261 2.2455 0.253978 -0.124465 3.11269 6.66617 3.16101 -11.6201 -29.3655 0.000155631 0 0 
data/deep_blue.wav 148.753 0.0268677 0.000948904 0.00296502 0.00119899 0.000757434 0.00354114 0.00355822 0.00830244 0.0031325 0.00174808 0.00540379 0.00122685 0.000540388 0.642718 339.459 -293.782 23.782 15.7969 7.01531 1.14667 -1.1765 -1.38368 -1.22254 -1.20571 -0.843799 -5.19096e-14 0.843799 1.20571 1.22254 1.38368 1.1765 -1.14667 -7.01531 -15.7969 -23.782 0.000146915 0 0 
data/deep_blue.wav 150.567 0.046321 0.0010373 0.00277261 0.00129328 0.000930597 0.0109118 0.00248723 0.00826015 0.00279436 0.00177019 0.0220685 0.00146481 0.000846068 0.623982 426.192 -280.441 32.9298 15.4279 0.624898 -2.80381 -0.542159 0.972601 -0.116882 -1.8694 -1.76415 -5.19869e-14 1.76415 1.8694 0.116882 -0.972601 0.542159 2.80381 -0.624898 -15.4279 -32.9298 0.000248514 0.000292969 0.000292969 
data/deep_blue.wav 152.381 0.0577657 0.00350439 0.00420332 0.00265719 0.0111803 0.0118291 0.00510802 0.0142113 0.00592947 0.0223292 0.012487 0.00316373 0.00251014 0.75296 239.642 -270.3 35.369 14.9186 -2.18461 -4.29598 -0.203845 2.41996 1.21032 -1.33579 -1.5685 -5.07475e-14 1.5685 1.33579 -1.21032 -2.41996 0.203845 4.29598 2.18461 -14.9186 -35.369 0.000348343 0.000976562 0.000976562 
data/deep_blue.wav 154.195 0.0376287 0.00162384 0.0047026 0.00197081 0.00235064 0.00394318 0.00294335 0.0110872 0.00196389 0.00498949 0.00169481 0.000968592 0.00119385 0.682324 545.272 -286.476 30.2912 16.7682 3.87165 -1.88536 -1.34747 0.67079 0.847586 -0.402172 -0.91436 -5.20026e-14 0.91436 0.402172 -0.847586 -0.67079 1.34747 1.88536 -3.87165 -16.7682 -30.2912 0.000188323 0 0 
data/deep_blue.wav 156.009 0.0285512 0.00234722 0.00208354 0.00164461 0.0043418 0.00430555 0.00193007 0.00322671 0.00174504 0.00580376 0.0038857 0.0020676 0.00257507 0.71371 261.388 -290.991 26.2516 15.6944 5.07951 -0.497523 -0.897198 0.760093 1.52217 0.960988 0.251212 -5.14898e-14 -0.251212 -0.960988 -1.52217 -0.760093 0.897198 0.497523 -5.07951 -15.6944 -26.2516 0.000131658 9.76563e-05 9.76563e-05 
data/deep_blue.wav 157.823 0.0595563 0.00138605 0.00128262 0.00197811 0.0102811 0.0016062 0.000962004 0.00245377 0.00323062 0.00335056 0.00261345 0.00688662 0.00249544 0.612217 223.637 -286.853 28.8456 11.7607 -1.89714 -4.15324 -0.828742 1.66943 1.51997 0.292089 -0.165853 -5.17637e-14 0.165853 -0.292089 -1.51997 -1.66943 0.828742 4.15324 1.89714 -11.7607 -28.8456 0.000130797 0 0 
data/deep_blue.wav 159.637 0.0497819 0.0034044 0.00754805 0.00296166 0.00929092 0.00348372 0.00200968 0.00314179 0.00328282 0.0156951 0.0028535 0.00257862 0.00230211 0.814067 329.76 -280.156 32.4097 14.2198 -0.805899 -3.85086 -0.845099 1.12769 0.268606 -1.44309 -1.53324 -5.18979e-14 1.53324 1.44309 -0.268606 -1.12769 0.845099 3.85086 0.805899 -14.2198 -32.4097 0.000213355 9.76563e-05 9.76563e-05 
data/deep_blue.wav 161.451 0.0446469 0.00119932 0.000875549 0.000653089 0.00246794 0.000890689 0.000604694 0.000409321 0.00125921 0.00806018 0.00090267 0.000410568 0.000541926 0.439405 465.32 -295.403 22.8291 11.5147 1.90988 -1.30102 -0.389169 0.587623 0.0149762 -1.02656 -1.05228 -5.24183e-14 1.05228 1.02656 -0.0149762 -0.587623 0.389169 1.30102 -1.90988 -11.5147 -22.8291 8.23711e-05 0 0 
data/deep_blue.wav 163.265 0.0410025 0.00368243 0.00544319 0.00290356 0.00378842 0.00774727 0.00660866 0.00944784 0.00393766 0.00704728 0.00865414 0.00240843 0.00285384 0.795673 265.241 -283.968 28.6016 17.0484 5.04741 -0.649494 -1.38545 -0.409595 -0.0333083 -0.284171 -0.232787 -5.1059e-14 0.232787 0.284171 0.0333083 0.409595 1.38545 0.649494 -5.04741 -17.0484 -28.6016 0.000223384 0.000195313 0.000195313 
data/deep_blue.wav 165.079 0.0760479 0.00129466 0.00283747 0.0014886 0.00133618 0.00843806 0.00263911 0.00874938 0.00269014 0.00218117 0.0237816 0.001729 0.0014341 0.537736 359.734 -277.704 34.6506 12.7338 -2.67835 -3.13257 0.166058 1.67725 0.326357 -1.91925 -1.83467 -5.09076e-14 1.83467 1.91925 -0.326357 -1.67725 -0.166058 3.13257 2.67835 -12.7338 -34.6506 0.000241932 0 0 
data/deep_blue.wav 166.893 0.0566205 0.0042137 0.00810027 0.00388495 0.00612443 0.011716 0.00802172 0.0246331 0.00920969 0.0149137 0.0250017 0.00466724 0.00276965 0.764525 220.215 -267.912 34.2754 15.5348 -0.429143 -2.20587 0.51833 1.84108 0.250245 -2.08802 -1.8015 -5.00515e-14 1.8015 2.08802 -0.250245 -1.84108 -0.51833 2.20587 0.429143 -15.5348 -34.2754 0.000420555 0 0 
data/deep_blue.wav 168.707 0.0549287 0.00207114 0.00352983 0.0019698 0.00373646 0.0102469 0.00210881 0.00591251 0.00237536 0.0122357 0.00973243 0.001982 0.00276849 0.921386 347.045 -282.198 30.3759 14.09 0.00856333 -3.45694 -1.52984 0.630724 1.06315 0.529389 0.288041 -5.08967e-14 -0.288041 -0.529389 -1.06315 -0.630724 1.52984 3.45694 -0.00856333 -14.09 -30.3759 0.000223125 0.00126953 0.00126953 
data/deep_blue.wav 170.522 0.0309163 0.00316679 0.00277787 0.00221933 0.00635879 0.00505731 0.00230495 0.00327636 0.00211238 0.00703417 0.00425842 0.0034391 0.00345581 0.74949 125.066 -288.759 26.7438 15.4549 4.12429 -1.53436 -1.61564 0.382516 1.24963 0.61883 -0.0062634 -5.13608e-14 0.0062634 -0.61883 -1.24963 -0.382516 1.61564 1.53436 -4.12429 -15.4549 -26.7438 0.000141712 0 0 
data/deep_blue.wav 172.336 0.0327524 0.00179736 0.000758221 0.0016994 0.00410414 0.00143778 0.000593326 0.00419616 0.00128476 0.00424782 0.00334746 0.00247573 0.0183311 0.383257 466.538 -284.545 31.6966 17.2444 3.55693 -2.52963 -2.21076 -0.24299 0.0791639 -0.954406 -1.19867 -5.19439e-14 1.19867 0.954406 -0.0791639 0.24299 2.21076 2.52963 -3.55693 -17.2444 -31.6966 0.000217707 9.76563e-05 9.76563e-05 
data/deep_blue.wav 174.15 0.0784858 0.00404139 0.0102256 0.00298952 0.0030299 0.00138716 0.00165052 0.00794026 0.00142703 0.00545326 0.00234839 0.00260484 0.0201915 0.649091 422.51 -276.529 34.6911 11.622 -4.91195 -5.10561 -1.28998 -0.281668 -1.29606 -1.67901 -0.725512 -5.09812e-14 0.725512 1.67901 1.29606 0.281668 1.28998 5.10561 4.91195 -11.622 -34.6911 0.000259095 0.000195313 0.000195313 
data/deep_blue.wav 175.964 0.072068 0.00206538 0.016695 0.00479756 0.00102946 0.0018243 0.00146436 0.000635685 0.000688996 0.0072208 0.00140874 0.00074093 0.0011437 0.465058 567.984 -283.896 31.8373 12.6638 -2.46321 -5.00442 -2.02142 -0.243074 -1.79348 -3.93844 -3.20452 -5.27643e-14 3.20452 3.93844 1.79348 0.243074 2.02142 5.00442 2.46321 -12.6638 -31.8373 0.000193073 0 0 
data/deep_blue.wav 177.778 0.0429593 0.000971026 0.00245379 0.000672543 0.00378282 0.000486472 0.000228342 0.000291746 0.00110965 0.00909839 0.00115397 0.000600648 0.000423113 0.541523 672.832 -291.083 28.0847 15.1294 3.13235 -2.07406 -1.76639 -0.425919 -0.703288 -1.79907 -1.68476 -5.27249e-14 1.68476 1.79907 0.703288 0.425919 1.76639 2.07406 -3.13235 -15.1294 -28.0847 0.000135723 0.000390625 0.000390625 
data/deep_blue.wav 179.592 0.0310652 0.00119975 0.00289952 0.00143393 0.00112699 0.00415585 0.00154849 0.00057996 0.00167974 0.00289775 0.00293285 0.00112256 0.000988204 0.55167 468.746 -302.11 13.9477 9.88911 5.19227 1.69464 -0.0437757 -0.646081 -0.874322 -0.91791 -0.620318 -5.18616e-14 0.620318 0.91791 0.874322 0.646081 0.0437757 -1.69464 -5.19227 -9.88911 -13.9477 8.74263e-05 0.000195313 0.000195313 
data/deep_blue.wav 181.406 0.0439237 0.00259306 0.0213986 0.00429059 0.00299634 0.0121948 0.0058141 0.00180947 0.00281768 0.00556975 0.00572216 0.00287575 0.00342601 0.563907 545.425 -279.22 30.1841 13.554 0.873079 -2.94613 -1.93395 1.28832 4.16653 5.04938 3.55784 -4.78835e-14 -3.55784 -5.04938 -4.16653 -1.28832 1.93395 2.94613 -0.873079 -13.554 -30.1841 0.000345249 0 0 
data/deep_blue.wav 183.22 0.0759268 0.00778189 0.0176636 0.00601732 0.00587317 0.0127293 0.00614787 0.00534792 0.00373296 0.0253402 0.0144978 0.00383032 0.00415166 0.785098 431.621 -268.154 33.1796 10.6725 -4.16555 -5.94412 -3.8784 0.0652471 3.01044 3.7148 2.55094 -4.59991e-14 -2.55094 -3.7148 -3.01044 -0.0652471 3.8784 5.94412 4.16555 -10.6725 -33.1796 0.000426685 0.000390625 0.000390625 
data/deep_blue.wav 185.034 0.0764804 0.00492549 0.0109192 0.00406219 0.00705682 0.00706542 0.00461741 0.0244343 0.00413804 0.0169666 0.00579593 0.00432629 0.00643232 0.712843 377.657 -270.173 33.2417 10.4274 -4.66745 -4.63356 -2.46107 -2.24236 -2.01867 -0.307854 1.01838 -4.82681e-14 -1.01838 0.307854 2.01867 2.24236 2.46107 4.63356 4.66745 -10.4274 -33.2417 0.000330706 0 0 
data/deep_blue.wav 186.848 0.0492997 0.00326949 0.00715471 0.00409736 0.00451021 0.0108517 0.00586319 0.0175608 0.00233356 0.00888073 0.00266719 0.0024292 0.00463228 0.665021 472.425 -277.384 32.1791 14.2696 -0.859188 -5.39309 -4.33732 -2.18145 -0.681844 0.165814 0.523795 -4.99727e-14 -0.523795 -0.165814 0.681844 2.18145 4.33732 5.39309 0.859188 -14.2696 -32.1791 0.000290698 9.76563e-05 9.76563e-05 
data/deep_blue.wav 188.662 0.0452401 0.0032705 0.0228808 0.0046626 0.00272345 0.0134782 0.00444156 0.00260378 0.00364362 0.00754446 0.0142073 0.0033905 0.00391185 0.660765 409.808 -275.654 31.0674 14.6471 0.413652 -4.90666 -4.16579 -0.123421 2.99776 3.04998 1.66186 -4.8353e-14 -1.66186 -3.04998 -2.99776 0.123421 4.16579 4.90666 -0.413652 -14.6471 -31.0674 0.00037524 0 0 
data/deep_blue.wav 190.476 0.0779903 0.00594813 0.0259841 0.00750433 0.00636287 0.0120778 0.00584777 0.00324535 0.00411403 0.0292068 0.0125641 0.00435615 0.00496365 0.769383 486.581 -265.295 33.9325 8.94396 -6.31445 -6.1523 -4.1137 -0.49951 3.01416 3.62247 2.19056 -4.51894e-14 -2.19056 -3.62247 -3.01416 0.49951 4.1137 6.1523 6.31445 -8.94396 -33.9325 0.000525125 0 0 
data/deep_blue.wav 192.29 0.0654572 0.0069674 0.0423276 0.00487115 0.00532666 0.00893437 0.00561727 0.00311083 0.00287049 0.0121248 0.00454715 0.00323572 0.0120597 0.627491 594.95 -268.321 31.2968 7.90736 -6.47358 -7.47704 -3.99921 1.02187 5.23392 6.64925 4.68685 -4.49715e-14 -4.68685 -6.64925 -5.23392 -1.02187 3.99921 7.47704 6.47358 -7.90736 -31.2968 0.000497522 0.000292969 0.000292969 
data/deep_blue.wav 194.104 0.0924831 0.00431475 0.0579532 0.0212356 0.00443895 0.0102738 0.00550618 0.00216253 0.00209823 0.0128918 0.00343199 0.00239429 0.00453452 0.481529 543.8 -265.52 30.2677 3.68485 -11.1649 -9.02679 -3.44086 3.58682 7.88825 7.24339 3.97478 -4.37457e-14 -3.97478 -7.24339 -7.88825 -3.58682 3.44086 9.02679 11.1649 -3.68485 -30.2677 0.0006556 0.000195313 0.000195313 
data/deep_blue.wav 195.918 0.0494602 0.00288565 0.00729484 0.00396604 0.00211663 0.0325559 0.00750956 0.0147471 0.00626954 0.00592969 0.0123695 0.0027302 0.00358418 0.930069 366.404 -271.205 31.5689 12.3067 -1.17863 -4.10881 -1.08542 3.23734 4.14841 1.05626 -1.35292 -4.86309e-14 1.35292 -1.05626 -4.14841 -3.23734 1.08542 4.10881 1.17863 -12.3067 -31.5689 0.00047445 0.000585937 0.000585937 
data/deep_blue.wav 197.732 0.0756934 0.00319247 0.0107579 0.00237239 0.0279515 0.0174393 0.00384615 0.00993506 0.00411889 0.0111593 0.00777959 0.00419068 0.00424336 1.03897 547.02 -266.803 31.5934 3.41464 -11.5198 -8.43681 -0.176828 6.12444 7.18586 4.14147 1.10204 -4.63708e-14 -1.10204 -4.14147 -7.18586 -6.12444 0.176828 8.43681 11.5198 -3.41464 -31.5934 0.000523261 0.00078125 0.00078125 
data/deep_blue.wav 199.546 0.0797243 0.00294566 0.00624519 0.00363089 0.00672635 0.0170105 0.00404196 0.00609548 0.00305045 0.006105 0.00522829 0.00473936 0.00594414 0.851713 307.157 -277.212 31.3316 9.5018 -3.77951 -1.97312 0.457816 -1.24445 -3.35499 -2.76834 -0.872648 -5.01903e-14 0.872648 2.76834 3.35499 1.24445 -0.457816 1.97312 3.77951 -9.5018 -31.3316 0.000211802 9.76563e-05 9.76563e-05 
data/deep_blue.wav 201.361 0.104665 0.00408603 0.00612154 0.00452961 0.00681636 0.0186501 0.00328375 0.00226576 0.00262956 0.00634012 0.00315994 0.00397722 0.0071116 0.602471 239.453 -279.922 29.5593 8.36945 -6.1375 -4.36414 -0.343913 -0.477872 -2.44694 -2.35881 -0.617911 -5.09705e-14 0.617911 2.35881 2.44694 0.477872 0.343913 4.36414 6.1375 -8.36945 -29.5593 0.00018001 9.76563e-05 9.76563e-05 
data/deep_blue.wav 203.175 0.059531 0.00492323 0.00653461 0.00493469 0.00753217 0.0173945 0.00270081 0.0090395 0.00282606 0.0118655 0.00572753 0.00503929 0.0152472 0.802702 216.264 -272.075 33.1672 12.2944 -2.21146 -2.63392 -0.57484 -0.612498 -1.6511 -1.75188 -0.631203 -4.94205e-14 0.631203 1.75188 1.6511 0.612498 0.57484 2.63392 2.21146 -12.2944 -33.1672 0.000281797 0.000390625 0.000390625 
data/deep_blue.wav 204.989 0.0846192 0.00406832 0.00475835 0.00514501 0.00589505 0.0207924 0.0027258 0.00532089 0.0032497 0.00705397 0.00517994 0.00504009 0.0167536 0.673868 311.231 -275.51 32.1781 12.1469 -3.22984 -4.26914 -1.71758 -0.755165 -1.84311 -2.14771 -0.884104 -5.03098e-14 0.884104 2.14771 1.84311 0.755165 1.71758 4.26914 3.22984 -12.1469 -32.1781 0.000267659 0.000878906 0.000878906 
data/deep_blue.wav 206.803 0.050508 0.00429636 0.00751504 0.00277877 0.00531414 0.00531333 0.00193577 0.00194065 0.00243396 0.0276723 0.00227603 0.0021093 0.00628368 0.667783 442.427 -276.962 32.6078 12.7467 -3.33124 -7.57724 -5.31685 -2.28942 -0.239114 0.94843 1.1191 -4.98793e-14 -1.1191 -0.94843 0.239114 2.28942 5.31685 7.57724 3.33124 -12.7467 -32.6078 0.000302738 9.76563e-05 9.76563e-05 
data/deep_blue.wav 208.617 0.0668453 0.00189766 0.00208938 0.00137491 0.00331032 0.00147358 0.00143764 0.00097202 0.00150591 0.0140955 0.00164741 0.000968953 0.00114773 0.581273 564.218 -289.715 25.1842 7.76882 -5.40122 -7.50478 -4.74831 -2.57227 -1.65606 -0.704271 0.195059 -5.13814e-14 -0.195059 0.704271 1.65606 2.57227 4.74831 7.50478 5.40122 -7.76882 -25.1842 0.000152906 0 0 
data/deep_blue.wav 210.431 0.0696046 0.00485033 0.0104133 0.00520333 0.0204434 0.0376687 0.00969903 0.0145695 0.00639647 0.0068627 0.0131683 0.00478191 0.00453876 0.933358 438.741 -260.026 34.1999 6.66507 -7.99376 -6.89908 -0.886281 5.03834 5.87578 1.20544 -2.16024 -4.61106e-14 2.16024 -1.20544 -5.87578 -5.03834 0.886281 6.89908 7.99376 -6.66507 -34.1999 0.000596924 0.000292969 0.000292969 
data/deep_blue.wav 212.245 0.105765 0.00275108 0.010313 0.00491932 0.00432906 0.00897861 0.00589527 0.0633456 0.030568 0.00394359 0.00939028 0.00597502 0.00247148 0.798705 549.348 -257.015 31.5846 0.0223372 -12.1166 -8.80486 0.561654 10.6647 9.29104 0.484644 -3.96365 -4.34055e-14 3.96365 -0.484644 -9.29104 -10.6647 -0.561654 8.80486 12.1166 -0.0223372 -31.5846 0.000746736 0.000292969 0.000292969 
data/deep_blue.wav 214.059 0.0854636 0.00339549 0.0238003 0.00780641 0.00772843 0.0490187 0.00644492 0.0127543 0.00701267 0.0111492 0.0071895 0.00295764 0.00450766 1.10046 639.188 -259.637 32.391 3.05607 -12.6254 -9.88366 -0.382312 7.46222 8.02143 3.07669 -0.761575 -4.59942e-14 0.761575 -3.07669 -8.02143 -7.46222 0.382312 9.88366 12.6254 -3.05607 -32.391 0.00069153 0.000976562 0.000976562 
data/deep_blue.wav 215.873 0.0867967 0.00216185 0.00484307 0.00323489 0.043327 0.0297509 0.00400004 0.001559 0.00266787 0.00396154 0.00192564 0.00390626 0.00382938 0.758618 634.842 -266.561 29.1416 -1.56715 -14.9825 -10.2849 0.860402 9.11609 9.54701 4.75881 0.466674 -4.57418e-14 -0.466674 -4.75881 -9.54701 -9.11609 -0.860402 10.2849 14.9825 1.56715 -29.1416 0.000584359 0.00146484 0.00146484 
data/deep_blue.wav 217.687 0.0682062 0.00492906 0.00802343 0.00454208 0.00963575 0.00897359 0.00452667 0.0101966 0.00327142 0.0160712 0.0043605 0.00319198 0.0396202 0.890424 438.494 -266.206 34.2386 11.2511 -4.39852 -7.12352 -6.09293 -2.89796 1.00357 3.11458 2.56977 -4.60082e-14 -2.56977 -3.11458 -1.00357 2.89796 6.09293 7.12352 4.39852 -11.2511 -34.2386 0.000525442 0.00078125 0.00078125 
data/deep_blue.wav 219.501 0.0873287 0.00202384 0.00140206 0.00198041 0.00637795 0.00207362 0.00195222 0.00617857 0.00187497 0.0296835 0.00369916 0.00349534 0.00911843 0.652079 591.975 -275.215 34.2643 9.9907 -6.91877 -8.55182 -6.55259 -4.23361 -1.91403 0.95763 2.2925 -4.82411e-14 -2.2925 -0.95763 1.91403 4.23361 6.55259 8.55182 6.91877 -9.9907 -34.2643 0.000344591 0.000976562 0.000976562 
data/deep_blue.wav 221.315 0.0734833 0.00406993 0.0220342 0.00235959 0.00296054 0.0173002 0.00200273 0.00506574 0.00189341 0.0122713 0.00312742 0.00148105 0.00656879 0.993061 573.738 -274.121 31.9513 8.45199 -6.95056 -8.03273 -5.02912 -0.365835 3.6406 4.0982 2.22295 -4.71759e-14 -2.22295 -4.0982 -3.6406 0.365835 5.02912 8.03273 6.95056 -8.45199 -31.9513 0.000387013 0.000488281 0.000488281 
data/deep_blue.wav 223.129 0.0841093 0.0044496 0.0248779 0.00115906 0.00083759 0.00132943 0.000764284 0.00047732 0.000548531 0.00343848 0.000756476 0.000538818 0.000734082 0.754277 837.66 -289.022 22.8305 3.35935 -9.04749 -10.5674 -8.11274 -2.83324 4.28764 8.33215 6.30761 -4.69335e-14 -6.30761 -8.33215 -4.28764 2.83324 8.11274 10.5674 9.04749 -3.35935 -22.8305 0.000292927 9.76563e-05 9.76563e-05 
data/deep_blue.wav 224.943 0.0432863 0.000713957 0.00184636 0.000935431 0.000800992 0.00404305 0.000747646 0.000587419 0.000538608 0.00103599 0.00180766 0.000638128 0.00054948 0.797337 330.354 -302.008 16.0035 8.82737 1.33557 -3.10445 -3.7823 -2.24762 -0.499458 0.397809 0.424375 -5.17583e-14 -0.424375 -0.397809 0.499458 2.24762 3.7823 3.10445 -1.33557 -8.82737 -16.0035 5.44178e-05 9.76563e-05 9.76563e-05 
data/deep_blue.wav 226.757 0.0342136 0.000664701 0.00190897 0.00110318 0.00145966 0.00414064 0.000655194 0.000602683 0.000549952 0.000691432 0.00219763 0.000502191 0.000432842 0.908342 368.85 -298.69 19.5065 9.66715 0.759571 -2.80877 -1.80339 -0.100408 -0.275593 -1.53793 -1.64005 -5.27508e-14 1.64005 1.53793 0.275593 0.100408 1.80339 2.80877 -0.759571 -9.66715 -19.5065 5.95433e-05 0 0 
data/deep_blue.wav 228.571 0.0339728 0.000906952 0.00253042 0.001363 0.000759993 0.00809482 0.00160072 0.00494918 0.00121382 0.00132977 0.00460585 0.0010602 0.000854465 0.961001 421.835 -292.812 24.7897 13.7336 2.23221 -4.55905 -5.82544 -4.11719 -2.16161 -1.02106 -0.449386 -5.18844e-14 0.449386 1.02106 2.16161 4.11719 5.82544 4.55905 -2.23221 -13.7336 -24.7897 0.000129466 9.76563e-05 9.76563e-05 
data/deep_blue.wav 230.385 0.0340139 0.000465434 0.00147308 0.000902502 0.00177307 0.00526052 0.000740125 0.0021874 0.000567016 0.00080353 0.00290047 0.000545496 0.000518898 0.756681 269.453 -296.096 22.2884 11.2802 1.13263 -3.15922 -2.20653 -0.191748 -0.106039 -1.32955 -1.52764 -5.26651e-14 1.52764 1.32955 0.106039 0.191748 2.20653 3.15922 -1.13263 -11.2802 -22.2884 7.18128e-05 0 0 
data/deep_blue.wav 232.2 0.0421414 0.00158509 0.00525253 0.00192452 0.0014946 0.00547393 0.0020374 0.00364946 0.00137327 0.00539786 0.00399466 0.00126544 0.00411904 0.993928 332.487 -289.605 26.5214 13.0754 0.34732 -5.05258 -4.6947 -2.5711 -1.33571 -1.05098 -0.651556 -5.18469e-14 0.651556 1.05098 1.33571 2.5711 4.6947 5.05258 -0.34732 -13.0754 -26.5214 0.00014159 0 0 
data/deep_blue.wav 234.014 0.0650773 0.00280532 0.00479774 0.00311678 0.0103274 0.00841236 0.00222365 0.0020305 0.00188518 0.0205905 0.00402975 0.00160895 0.00247931 0.710744 386.76 -276.805 35.1019 14.5846 -2.09014 -4.87468 -1.35484 1.48241 0.948082 -1.08254 -1.37435 -5.1352e-14 1.37435 1.08254 -0.948082 -1.48241 1.35484 4.87468 2.09014 -14.5846 -35.1019 0.000260373 0.000390625 0.000390625 
data/deep_blue.wav 235.828 0.0471523 0.00184041 0.00241153 0.00143188 0.0109328 0.00835308 0.00113412 0.00115093 0.0015824 0.0195147 0.00394075 0.00115403 0.000930474 0.533012 522.783 -277.604 36.5038 16.3679 -1.45266 -6.22847 -1.7562 2.55216 1.57313 -2.05658 -2.92145 -5.28404e-14 2.92145 2.05658 -1.57313 -2.55216 1.7562 6.22847 1.45266 -16.3679 -36.5038 0.000280569 9.76563e-05 9.76563e-05 
data/deep_blue.wav 237.642 0.0377288 0.00154028 0.00242554 0.001503 0.0034837 0.00573671 0.00107129 0.00315969 0.00157288 0.0129844 0.00242083 0.000638663 0.000775804 0.326693 585.509 -285.804 31.4679 16.6771 2.9189 -2.74651 -1.6712 0.415905 0.00315669 -1.7487 -1.95267 -5.25906e-14 1.95267 1.7487 -0.00315669 -0.415905 1.6712 2.74651 -2.9189 -16.6771 -31.4679 0.000183163 0 0 
data/deep_blue.wav 239.456 0.0370768 0.00224722 0.00714474 0.00284991 0.00425303 0.0052 0.00134812 0.00169479 0.0013298 0.0147813 0.00301397 0.000894792 0.00109672 0.54179 502.081 -283.261 32.5754 17.1186 2.71716 -3.05489 -1.76182 0.410325 -0.194627 -2.18068 -2.32639 -5.25645e-14 2.32639 2.18068 0.194627 -0.410325 1.76182 3.05489 -2.71716 -17.1186 -32.5754 0.000219831 0 0 
data/deep_blue.wav 241.27 0.0644869 0.00345597 0.00835973 0.00421626 0.00316032 0.0146568 0.00295366 0.00566274 0.00301056 0.0167869 0.00660052 0.00386995 0.00904582 0.884835 232.718 -276.725 31.8563 13.8187 -2.02803 -5.86393 -3.40328 -0.528438 -0.0716737 -0.838078 -0.708676 -5.06901e-14 0.708676 0.838078 0.0716737 0.528438 3.40328 5.86393 2.02803 -13.8187 -31.8563 0.000256801 0.000390625 0.000390625 
data/deep_blue.wav 243.084 0.0699346 0.00281061 0.0199877 0.00610153 0.00494047 0.0120612 0.00529451 0.00168567 0.00196274 0.00951494 0.00704974 0.00266304 0.00327018 0.662434 255.188 -276.571 32.9264 12.9522 -2.52642 -3.44791 -0.462724 1.06274 -0.112968 -1.65087 -1.11235 -5.0581e-14 1.11235 1.65087 0.112968 -1.06274 0.462724 3.44791 2.52642 -12.9522 -32.9264 0.000258354 0.000292969 0.000292969 
data/deep_blue.wav 244.898 0.0382539 0.00166955 0.00857539 0.00334123 0.00291879 0.0195417 0.00388357 0.00380204 0.00153235 0.00462257 0.00761357 0.00188154 0.0025048 0.662641 260.226 -280.656 31.5117 15.0296 -0.312648 -5.77576 -3.35448 -0.00574475 0.104965 -1.70584 -1.99994 -5.20473e-14 1.99994 1.70584 -0.104965 0.00574475 3.35448 5.77576 0.312648 -15.0296 -31.5117 0.000235277 0 0 
data/deep_blue.wav 246.712 0.0351271 0.00166177 0.0130696 0.00565872 0.00411841 0.0171746 0.00477289 0.00394152 0.00278085 0.00692839 0.00870652 0.00307057 0.0041162 0.578982 305.988 -278.052 32.2735 17.5562 2.71999 -3.74417 -2.79405 -0.26724 -0.357567 -2.18598 -2.33723 -5.17683e-14 2.33723 2.18598 0.357567 0.26724 2.79405 3.74417 -2.71999 -17.5562 -32.2735 0.000290855 0.000195313 0.000195313 
data/deep_blue.wav 248.526 0.0680677 0.00345612 0.0164221 0.00648088 0.00409481 0.0153645 0.00554265 0.00531525 0.0034022 0.0127292 0.011977 0.00392338 0.00478251 0.69333 268.579 -275.462 32.4051 15.7221 -1.32202 -5.8351 -3.23259 0.642822 0.774327 -1.72394 -2.04868 -5.13217e-14 2.04868 1.72394 -0.774327 -0.642822 3.23259 5.8351 1.32202 -15.7221 -32.4051 0.000290278 0 0 
data/deep_blue.wav 250.34 0.0647694 0.00308075 0.00244407 0.0050249 0.0084395 0.0307717 0.00646311 0.00645655 0.00323409 0.0210106 0.00736882 0.00392274 0.00860418 0.753257 324.709 -268.279 35.7458 13.8855 -2.88393 -3.68579 -0.849801 0.0729939 -1.03734 -1.74416 -0.75152 -4.95715e-14 0.75152 1.74416 1.03734 -0.0729939 0.849801 3.68579 2.88393 -13.8855 -35.7458 0.000386816 0 0 
data/deep_blue.wav 252.154 0.0608676 0.00227149 0.00371152 0.00639037 0.00994837 0.0251193 0.00659273 0.0137459 0.00638193 0.00510646 0.00324793 0.00547291 0.00662374 0.556741 205.214 -273.056 33.4568 14.4022 -0.165852 -1.04146 0.383829 0.173114 -1.2085 -1.55626 -0.458876 -4.96973e-14 0.458876 1.55626 1.2085 -0.173114 -0.383829 1.04146 0.165852 -14.4022 -33.4568 0.000308054 0 0 
data/deep_blue.wav 253.968 0.0356212 0.00155221 0.00422043 0.00544692 0.00612073 0.0315431 0.00592461 0.0177338 0.00569491 0.00357248 0.00284926 0.00467104 0.00568943 0.500724 268.367 -272.434 33.7702 17.2078 2.49711 -2.61647 -1.82867 -0.765102 -1.06005 -1.29163 -0.713577 -5.02924e-14 0.713577 1.29163 1.06005 0.765102 1.82867 2.61647 -2.49711 -17.2078 -33.7702 0.000352878 0.000195313 0.000195313 
data/deep_blue.wav 255.782 0.05319 0.00267876 0.00490088 0.00800556 0.0127528 0.0273219 0.00614558 0.015511 0.00751578 0.00357361 0.00310575 0.00602687 0.00496917 0.572833 188.122 -271.38 33.5976 14.8415 -0.282118 -2.0903 -0.126675 0.480186 -0.829318 -1.67283 -0.827866 -4.99049e-14 0.827866 1.67283 0.829318 -0.480186 0.126675 2.0903 0.282118 -14.8415 -33.5976 0.000335881 9.76563e-05 9.76563e-05 
data/deep_blue.wav 257.596 0.0531292 0.00475643 0.00543695 0.00970958 0.0120122 0.0314065 0.00926538 0.0277503 0.0081089 0.0181993 0.00612863 0.0068904 0.00697055 0.634848 210.513 -264.623 34.2024 17.4961 1.8456 -1.67885 -0.729326 0.157959 -0.280884 -0.751129 0.0140952 -4.87365e-14 -0.0140952 0.751129 0.280884 -0.157959 0.729326 1.67885 -1.8456 -17.4961 -34.2024 0.000475036 0.000292969 0.000292969 
data/deep_blue.wav 259.41 0.0814917 0.00491984 0.00415339 0.00626659 0.0144867 0.0120764 0.00747876 0.0135086 0.00769773 0.0419904 0.00806447 0.00596356 0.00284979 0.587167 428.33 -264.456 36.4501 13.4997 -4.45496 -6.43782 -4.62002 -2.0643 -0.350214 0.926003 1.66603 -4.72619e-14 -1.66603 -0.926003 0.350214 2.0643 4.62002 6.43782 4.45496 -13.4997 -36.4501 0.000515732 0.000585937 0.000585937 
data/deep_blue.wav 261.224 0.0861653 0.00292311 0.00241449 0.00281162 0.0084699 0.00532504 0.00268284 0.00395377 0.0024889 0.0245053 0.0041973 0.00319977 0.00118704 0.529022 422.668 -280.341 29.0021 7.86677 -5.42162 -5.42607 -3.65313 -2.16952 -1.03917 0.00707796 0.754764 -4.8574e-14 -0.754764 -0.00707796 1.03917 2.16952 3.65313 5.42607 5.42162 -7.86677 -29.0021 0.000235566 0 0 
data/deep_blue.wav 263.039 0.0936132 0.00454869 0.0330649 0.00870957 0.0102412 0.014885 0.00616719 0.00278846 0.00373557 0.0147445 0.00437082 0.00337862 0.00961799 0.871041 380.493 -272.544 26.7794 5.07514 -7.85959 -6.70851 -3.07503 1.19352 3.4593 2.74756 1.19024 -4.63321e-14 -1.19024 -2.74756 -3.4593 -1.19352 3.07503 6.70851 7.85959 -5.07514 -26.7794 0.000450644 0 0 
data/deep_blue.wav 264.853 0.0689268 0.00912269 0.0450027 0.016282 0.0143159 0.0236067 0.00675275 0.00419694 0.00478453 0.0291671 0.00722586 0.00475735 0.012771 0.900328 338.761 -257.753 33.6192 10.2568 -6.58998 -8.13711 -4.15859 0.669685 3.33458 2.65003 1.04719 -4.59837e-14 -1.04719 -2.65003 -3.33458 -0.669685 4.15859 8.13711 6.58998 -10.2568 -33.6192 0.000599354 0 0 
data/deep_blue.wav 266.667 0.0639434 0.00865666 0.0404158 0.0156507 0.0135788 0.0264129 0.00801973 0.028033 0.00699433 0.0154371 0.0150581 0.00581408 0.01788 1.08389 376.168 -254.158 34.7097 11.5936 -5.61295 -7.92318 -4.40655 1.14449 4.28208 2.86535 0.716197 -4.5314e-14 -0.716197 -2.86535 -4.28208 -1.14449 4.40655 7.92318 5.61295 -11.5936 -34.7097 0.000721925 0.000292969 0.000292969 
data/deep_blue.wav 268.481 0.0740579 0.00480506 0.0501831 0.0178676 0.00617021 0.0160492 0.0090898 0.0327262 0.00669495 0.0145878 0.0182811 0.00438787 0.00426252 0.788395 365.833 -254.128 36.478 11.0872 -6.14943 -7.07632 -3.18599 2.50596 4.87774 2.58406 0.637108 -4.46641e-14 -0.637108 -2.58406 -4.87774 -2.50596 3.18599 7.07632 6.14943 -11.0872 -36.478 0.000726722 9.76563e-05 9.76563e-05 
data/deep_blue.wav 270.295 0.0716524 0.00488962 0.0195696 0.00592848 0.0537811 0.0196164 0.00867376 0.0502347 0.0107565 0.00507233 0.0122559 0.00880705 0.011322 1.02146 487.892 -248.865 37.3501 9.24456 -9.0876 -7.67987 -0.319628 5.53171 5.57338 0.964877 -1.41766 -4.58059e-14 1.41766 -0.964877 -5.57338 -5.53171 0.319628 7.67987 9.0876 -9.24456 -37.3501 0.000914564 9.76563e-05 9.76563e-05 
data/deep_blue.wav 272.109 0.0780913 0.00607134 0.0212614 0.00940926 0.025653 0.0224956 0.00739082 0.0423956 0.0103681 0.0133142 0.00928431 0.00932243 0.0156569 1.14343 452.967 -249.815 36.4694 7.76067 -6.9949 -6.37597 -0.993378 5.02061 5.55959 1.28393 -1.44873 -4.36647e-14 1.44873 -1.28393 -5.55959 -5.02061 0.993378 6.37597 6.9949 -7.76067 -36.4694 0.000786904 0.000292969 0.000292969 
data/deep_blue.wav 273.923 0.0662333 0.00930103 0.0334895 0.0165269 0.0117681 0.0482547 0.02086 0.0280996 0.0112141 0.00934115 0.018092 0.00766809 0.0214296 0.917594 190.516 -251.494 35.1443 13.3369 -4.45353 -6.13833 -1.71513 2.61309 2.81423 0.7231 -0.0432771 -4.63036e-14 0.0432771 -0.7231 -2.81423 -2.61309 1.71513 6.13833 4.45353 -13.3369 -35.1443 0.000709321 0 0 
data/deep_blue.wav 275.737 0.0692161 0.00928253 0.0270707 0.0120702 0.00578538 0.0531742 0.0154217 0.027684 0.0172759 0.0103471 0.01863 0.00746712 0.0226081 0.933686 266.301 -251.159 34.3778 10.293 -7.14635 -8.44452 -1.92891 5.37956 5.38366 -0.915244 -3.86211 -4.67466e-14 3.86211 0.915244 -5.38366 -5.37956 1.92891 8.44452 7.14635 -10.293 -34.3778 0.000685514 9.76563e-05 9.76563e-05 
data/deep_blue.wav 277.551 0.0658349 0.00795482 0.035906 0.0129563 0.00697844 0.0351551 0.0139674 0.020535 0.00923548 0.0222258 0.0292423 0.00731718 0.0202744 0.914144 375.959 -252.668 34.2295 11.3305 -7.15228 -8.81957 -1.41285 5.35292 4.81325 -0.282946 -2.17051 -4.76104e-14 2.17051 0.282946 -4.81325 -5.35292 1.41285 8.81957 7.15228 -11.3305 -34.2295 0.000728519 0 0 
data/deep_blue.wav 279.365 0.101692 0.00659642 0.0117828 0.00818929 0.00887826 0.0752722 0.0214055 0.00742543 0.00568349 0.00934477 0.0127668 0.00689976 0.017822 0.775489 439.077 -254.699 33.1144 5.39623 -12.0894 -9.99758 -1.56198 6.18194 6.58979 -0.154618 -4.0448 -4.69437e-14 4.0448 0.154618 -6.58979 -6.18194 1.56198 9.99758 12.0894 -5.39623 -33.1144 0.000829024 0 0 
data/deep_blue.wav 281.179 0.0846426 0.00889766 0.0148708 0.0109271 0.0127122 0.0790381 0.0173304 0.00984163 0.00972936 0.0221384 0.00796712 0.00530232 0.0163196 0.579691 532.826 -250.034 34.1603 5.12279 -11.5215 -10.2155 -2.36798 5.48596 5.65965 -0.742958 -4.01631 -4.53565e-14 4.01631 0.742958 -5.65965 -5.48596 2.36798 10.2155 11.5215 -5.12279 -34.1603 0.000817407 0.000195313 0.000195313 
data/deep_blue.wav 282.993 0.064644 0.00702962 0.0255372 0.00844944 0.00681765 0.0423234 0.00811027 0.0190241 0.00639173 0.0305654 0.0170024 0.0046399 0.0129417 0.985523 380.426 -254.689 35.6906 11.7264 -7.46171 -9.49969 -1.87439 5.21792 4.5716 -0.798639 -2.7555 -4.83625e-14 2.7555 0.798639 -4.5716 -5.21792 1.87439 9.49969 7.46171 -11.7264 -35.6906 0.000698044 0 0 
data/deep_blue.wav 284.807 0.0831458 0.00457655 0.0185972 0.0118068 0.0100895 0.0508814 0.0130947 0.0415678 0.00693197 0.00661211 0.0176727 0.00452914 0.0061418 1.14294 532.985 -248.391 37.5235 6.42931 -9.29409 -7.59318 -1.16245 5.99277 6.67487 0.666146 -2.91953 -4.37205e-14 2.91953 -0.666146 -6.67487 -5.99277 1.16245 7.59318 9.29409 -6.42931 -37.5235 0.000879513 9.76563e-05 9.76563e-05 
data/deep_blue.wav 286.621 0.0856875 0.0081572 0.0128806 0.00743393 0.0151292 0.0344635 0.0118754 0.0553847 0.0246763 0.0166367 0.0210462 0.00910061 0.0117103 1.16856 430.82 -248.836 35.1041 6.97305 -10.3105 -7.9238 0.616766 7.65317 5.69159 -1.88516 -4.24149 -4.58813e-14 4.24149 1.88516 -5.69159 -7.65317 -0.616766 7.9238 10.3105 -6.97305 -35.1041 0.00081567 0.000292969 0.000292969 
data/deep_blue.wav 288.435 0.0829162 0.00601693 0.015753 0.0107399 0.00588901 0.0334857 0.0101376 0.0567301 0.0240388 0.0125094 0.0310945 0.00865954 0.0166815 1.13505 452.464 -246.039 35.0036 5.53038 -8.99521 -7.16518 0.483087 8.56961 6.13762 -3.06344 -5.41185 -4.34694e-14 5.41185 3.06344 -6.13762 -8.56961 -0.483087 7.16518 8.99521 -5.53038 -35.0036 0.000926781 9.76563e-05 9.76563e-05 
data/deep_blue.wav 290.249 0.0760501 0.00922536 0.028222 0.0108436 0.00763864 0.02869 0.0130239 0.0375211 0.012747 0.015171 0.0290656 0.00977075 0.0199822 0.971047 272.86 -252.404 34.9388 11.8813 -5.62196 -6.30466 -0.229349 5.99837 4.59754 -1.69727 -3.37092 -4.68366e-14 3.37092 1.69727 -4.59754 -5.99837 0.229349 6.30466 5.62196 -11.8813 -34.9388 0.000713846 0 0 
data/deep_blue.wav 292.063 0.0709794 0.00646225 0.020541 0.00843884 0.00466761 0.0597 0.0145465 0.00878377 0.00465694 0.0134994 0.0187772 0.00501983 0.0233344 0.885148 390.026 -255.672 35.3383 11.0111 -9.09483 -10.0189 -1.19002 6.3705 5.09852 -1.14029 -3.13182 -4.89791e-14 3.13182 1.14029 -5.09852 -6.3705 1.19002 10.0189 9.09483 -11.0111 -35.3383 0.000691204 0 0 
data/deep_blue.wav 293.878 0.0718142 0.00760412 0.0190772 0.0136614 0.0115985 0.0414614 0.0125131 0.023852 0.0105329 0.0312811 0.0396094 0.00694433 0.026609 0.803194 261.571 -246.826 34.7643 7.60601 -8.32397 -4.29473 2.90484 5.23429 1.58707 -3.25561 -3.15328 -4.59739e-14 3.15328 3.25561 -1.58707 -5.23429 -2.90484 4.29473 8.32397 -7.60601 -34.7643 0.000820151 0 0 
data/deep_blue.wav 295.692 0.0896831 0.00770108 0.016367 0.00978667 0.0222185 0.0176876 0.00564643 0.0358215 0.0231949 0.00984149 0.0116122 0.0100125 0.0491973 0.809197 523.845 -246.802 34.319 1.56952 -11.0912 -3.98886 3.68324 5.0727 -0.189595 -3.58737 -1.78375 -4.30178e-14 1.78375 3.58737 0.189595 -5.0727 -3.68324 3.98886 11.0912 -1.56952 -34.319 0.000859338 9.76563e-05 9.76563e-05 
data/deep_blue.wav 297.506 0.140036 0.00710025 0.00309716 0.00419857 0.00617878 0.00342283 0.0017335 0.00861002 0.00235415 0.00268476 0.00369201 0.00470686 0.075591 0.429139 905.428 -258.8 24.7099 -14.374 -10.7472 7.09025 13.6897 6.38058 -9.07577 -9.94193 -1.06871 -3.74789e-14 1.06871 9.94193 9.07577 -6.38058 -13.6897 -7.09025 10.7472 14.374 -24.7099 0.00084617 9.76563e-05 9.76563e-05 
data/deep_blue.wav 299.32 0.15628 0.0100173 0.00265746 0.00327023 0.00389754 0.00259068 0.00177035 0.0075596 0.00264193 0.00243611 0.00298417 0.00361242 0.0678481 0.389758 939.86 -268.01 18.9729 -16.9107 -14.4649 6.50875 16.8574 7.60387 -10.9399 -11.0918 -0.346337 -4.14681e-14 0.346337 11.0918 10.9399 -7.60387 -16.8574 -6.50875 14.4649 16.9107 -18.9729 0.000833538 0 0 
data/deep_blue.wav 301.134 0.112812 0.00285431 0.00129646 0.00209233 0.0027009 0.00147953 0.000652222 0.00335271 0.000796294 0.000878613 0.00110195 0.0014199 0.0296478 0.613683 591.79 -287.919 16.952 -4.30926 -5.33157 5.4814 9.13502 3.29262 -4.72795 -5.5417 -1.61903 -4.73524e-14 1.61903 5.5417 4.72795 -3.29262 -9.13502 -5.4814 5.33157 4.30926 -16.952 0.000352229 0 0 
data/deep_blue.wav 302.948 0.0318878 0.000117208 8.47058e-05 0.000368108 0.000963877 0.000350221 0.000105292 0.000565517 0.000105887 8.7624e-05 0.000115892 0.000193909 0.000700079 0.405458 361.53 -309.72 8.41527 6.53715 4.12363 1.89389 0.32484 -0.460458 -0.636941 -0.488216 -0.243533 -5.21426e-14 0.243533 0.488216 0.636941 0.460458 -0.32484 -1.89389 -4.12363 -6.53715 -8.41527 1.9208e-05 0 0 
data/deep_blue.wav 304.762 0.0220818 0.000740352 0.0012914 0.000866617 0.000683221 0.00374841 0.000625655 0.00022321 0.000250107 0.0009732 0.000492567 0.000273332 0.000450469 0.822777 381.696 -303.262 16.2305 12.1462 7.01045 2.49402 -0.337099 -1.34251 -1.12723 -0.529787 -0.126081 -5.20248e-14 0.126081 0.529787 1.12723 1.34251 0.337099 -2.49402 -7.01045 -12.1462 -16.2305 5.07094e-05 0 0 
data/deep_blue.wav 306.576 0.0251542 0.00117529 0.0020297 0.00147468 0.00144327 0.00653839 0.002057 0.00346047 0.000843567 0.00172168 0.00106305 0.0006192 0.00133713 0.798242 373.811 -295.792 23.2859 15.5439 6.99788 1.00086 -1.50826 -1.69358 -1.17213 -0.749128 -0.410519 -5.19553e-14 0.410519 0.749128 1.17213 1.69358 1.50826 -1.00086 -6.99788 -15.5439 -23.2859 0.000112055 0 0 
data/deep_blue.wav 308.39 0.027638 0.000892724 0.00127439 0.00093074 0.00167395 0.00596933 0.00141664 0.0040296 0.000895603 0.00841691 0.00131248 0.000445961 0.000919696 0.756034 308.157 -292.54 25.7963 15.4942 4.59838 -2.26217 -4.001 -2.53242 -0.466207 0.662405 0.651557 -5.13743e-14 -0.651557 -0.662405 0.466207 2.53242 4.001 2.26217 -4.59838 -15.4942 -25.7963 0.000126009 0 0 
data/deep_blue.wav 310.204 0.0257273 0.000785186 0.00138303 0.00124122 0.00232393 0.00609722 0.000844646 0.00106298 0.000577551 0.0023931 0.00080785 0.000717753 0.000656461 0.868266 374.438 -298.303 20.9844 13.8994 5.79419 -0.138908 -2.64823 -2.4466 -1.17739 -0.157916 0.16609 -5.17906e-14 -0.16609 0.157916 1.17739 2.4466 2.64823 0.138908 -5.79419 -13.8994 -20.9844 8.96015e-05 9.76563e-05 9.76563e-05 
data/deep_blue.wav 312.018 0.0333306 0.00228006 0.00707881 0.00203131 0.00182919 0.0064248 0.0024494 0.010416 0.00193223 0.0116197 0.00171653 0.00116438 0.00870601 0.828439 426.33 -282.035 31.796 17.8698 4.14009 -2.63937 -3.08985 -1.28189 -0.371421 -0.566762 -0.572568 -5.12367e-14 0.572568 0.566762 0.371421 1.28189 3.08985 2.63937 -4.14009 -17.8698 -31.796 0.000258973 0.000878906 0.000878906 
data/deep_blue.wav 313.832 0.0499195 0.00224501 0.0024315 0.00250664 0.00529057 0.00892031 0.00212953 0.00606749 0.00228319 0.0400204 0.00483722 0.00188168 0.00507634 0.364704 694.666 -270.72 36.5404 13.4999 -5.30328 -9.85045 -6.78664 -2.8951 -0.717338 0.168305 0.502468 -4.97052e-14 -0.502468 -0.168305 0.717338 2.8951 6.78664 9.85045 5.30328 -13.4999 -36.5404 0.000452789 0 0 
data/deep_blue.wav 315.646 0.050599 0.00193104 0.00139981 0.00220927 0.00567593 0.00554375 0.00213041 0.00634339 0.00260844 0.0347595 0.00416888 0.00202275 0.00222808 0.457672 618.678 -273.423 35.9428 12.9903 -4.86893 -8.57801 -5.56878 -2.68438 -1.00154 0.434076 1.08919 -4.98742e-14 -1.08919 -0.434076 1.00154 2.68438 5.56878 8.57801 4.86893 -12.9903 -35.9428 0.000377048 0 0 
data/deep_blue.wav 317.46 0.0417285 0.00120753 0.00510389 0.00223142 0.00188504 0.00873524 0.00245535 0.0177649 0.00246441 0.00745591 0.00418539 0.00145312 0.00182797 0.600908 353.812 -281.122 32.1472 15.4483 0.273055 -5.77934 -4.73534 -1.4023 0.218952 -0.536725 -1.08579 -5.12294e-14 1.08579 0.536725 -0.218952 1.4023 4.73534 5.77934 -0.273055 -15.4483 -32.1472 0.000223895 0.000195313 0.000195313 
data/deep_blue.wav 319.274 0.0469796 0.000924027 0.00274894 0.0023523 0.0029903 0.00772937 0.00223823 0.0255146 0.00235262 0.00197448 0.00571864 0.00260618 0.00163034 0.463759 607.121 -279.218 33.1943 14.2817 -1.57694 -6.57992 -5.45104 -2.97481 -1.30073 -0.689913 -0.32129 -5.07163e-14 0.32129 0.689913 1.30073 2.97481 5.45104 6.57992 1.57694 -14.2817 -33.1943 0.000286256 0 0 
data/deep_blue.wav 321.088 0.0410324 0.00184878 0.00664016 0.00363117 0.00205991 0.0189071 0.00348248 0.00974245 0.00245578 0.00228843 0.00251585 0.00197516 0.00256888 0.679628 454.216 -282.288 31.3167 16.7597 2.6901 -3.55886 -3.87013 -2.43636 -1.89879 -1.93539 -1.2286 -5.15386e-14 1.2286 1.93539 1.89879 2.43636 3.87013 3.55886 -2.6901 -16.7597 -31.3167 0.000277132 0 0 
data/deep_blue.wav 322.902 0.0585337 0.00102058 0.0017609 0.00155818 0.00254029 0.0267582 0.00134058 0.00112233 0.00087195 0.00172996 0.00103505 0.00100802 0.00316284 0.312775 772.931 -281.979 31.5854 9.48463 -6.56641 -8.92422 -5.92475 -4.05883 -3.57732 -2.70175 -1.17927 -5.14697e-14 1.17927 2.70175 3.57732 4.05883 5.92475 8.92422 6.56641 -9.48463 -31.5854 0.000273789 9.76563e-05 9.76563e-05 
data/deep_blue.wav 324.717 0.0850023 0.00255994 0.00385362 0.00290336 0.00654211 0.0260372 0.00422119 0.00753476 0.00268027 0.00675745 0.0124201 0.00254269 0.00637447 0.954902 314.681 -271.775 34.891 9.94893 -5.91556 -4.21828 -0.726391 -0.377934 -1.81658 -1.90783 -0.481124 -4.91891e-14 0.481124 1.90783 1.81658 0.377934 0.726391 4.21828 5.91556 -9.94893 -34.891 0.000291247 0.000585937 0.000585937 
data/deep_blue.wav 326.531 0.0680175 0.00207395 0.00298095 0.00245061 0.0231364 0.00448393 0.00159249 0.00279665 0.00185376 0.00411389 0.00229943 0.0057624 0.00155814 0.362289 592.533 -280.082 31.9424 9.9459 -5.07636 -4.70244 -1.77076 -2.71528 -5.00855 -4.59235 -1.88929 -5.16791e-14 1.88929 4.59235 5.00855 2.71528 1.77076 4.70244 5.07636 -9.9459 -31.9424 0.000235282 0 0 
data/deep_blue.wav 328.345 0.0419922 0.00153008 0.00221023 0.00168025 0.00327377 0.00532331 0.00168747 0.00545782 0.00145863 0.00586223 0.0017985 0.00117477 0.0014597 0.847553 390.83 -292.363 25.9394 16.3902 6.12547 0.471071 -1.15052 -0.673273 -0.464594 -0.908645 -0.722427 -5.19356e-14 0.722427 0.908645 0.464594 0.673273 1.15052 -0.471071 -6.12547 -16.3902 -25.9394 0.000140854 0 0 
data/deep_blue.wav 330.159 0.0601819 0.00401291 0.00234948 0.00248151 0.00573372 0.00662251 0.0032981 0.00629666 0.00405807 0.0377267 0.00436528 0.00264401 0.00713866 0.670559 528.898 -271.001 35.8674 13.2042 -3.43567 -6.16405 -4.22568 -1.97725 -1.01511 -0.385627 0.395091 -4.87597e-14 -0.395091 0.385627 1.01511 1.97725 4.22568 6.16405 3.43567 -13.2042 -35.8674 0.000412119 9.76563e-05 9.76563e-05 
data/deep_blue.wav 331.973 0.0739412 0.00307185 0.00261092 0.00365729 0.00754959 0.00705764 0.00471073 0.00804148 0.00485611 0.0388208 0.00446947 0.00289588 0.00190722 0.465177 624.187 -270.61 36.0968 12.7237 -4.68473 -7.30822 -6.36187 -3.68064 -0.701554 1.18718 1.65489 -4.77159e-14 -1.65489 -1.18718 0.701554 3.68064 6.36187 7.30822 4.68473 -12.7237 -36.0968 0.000424144 0 0 
data/deep_blue.wav 333.787 0.0669262 0.0023465 0.00492687 0.00243345 0.00561351 0.00922113 0.00437603 0.0203316 0.00421091 0.0240056 0.00383365 0.00356805 0.00217149 0.595215 410.222 -270.434 35.4349 11.2302 -4.62495 -4.84584 -2.92116 -2.42983 -1.57355 0.375751 1.66522 -4.79639e-14 -1.66522 -0.375751 1.57355 2.42983 2.92116 4.84584 4.62495 -11.2302 -35.4349 0.000343976 9.76563e-05 9.76563e-05 
data/deep_blue.wav 335.601 0.0785884 0.00185306 0.00670935 0.00303845 0.00373125 0.00951127 0.00371799 0.0235219 0.00491045 0.00394182 0.003672 0.00476789 0.00160414 0.549458 395.085 -276.07 32.8407 9.75677 -4.04418 -2.88488 -2.10864 -2.90362 -2.48699 -0.853217 0.53298 -4.83816e-14 -0.53298 0.853217 2.48699 2.90362 2.10864 2.88488 4.04418 -9.75677 -32.8407 0.000257787 9.76563e-05 9.76563e-05 
data/deep_blue.wav 337.415 0.0484346 0.00126302 0.00280154 0.00279628 0.00395821 0.0133483 0.00407182 0.0130891 0.00416662 0.00255214 0.00293557 0.00351804 0.00305897 0.669916 248.222 -282.769 30.5921 15.5762 2.64904 -1.38944 -1.7126 -1.22558 -0.604574 -0.276682 0.0450741 -5.06839e-14 -0.0450741 0.276682 0.604574 1.22558 1.7126 1.38944 -2.64904 -15.5762 -30.5921 0.000208296 9.76563e-05 9.76563e-05 
data/deep_blue.wav 339.229 0.0326629 0.00105766 0.00136554 0.00244021 0.00260126 0.0325946 0.00272047 0.00659007 0.00265427 0.00225233 0.0057917 0.00267819 0.00294508 0.334624 628.896 -277.234 34.4617 16.6001 0.0493393 -6.70244 -5.79243 -3.17971 -2.08414 -1.95895 -1.3151 -5.14115e-14 1.3151 1.95895 2.08414 3.17971 5.79243 6.70244 -0.0493393 -16.6001 -34.4617 0.000354197 0 0 
data/deep_blue.wav 341.043 0.0380761 0.00104371 0.00166144 0.00257258 0.00366602 0.0246333 0.00298621 0.00714286 0.00322512 0.00224492 0.0066636 0.00331986 0.00293482 0.491379 378.2 -279.568 32.5799 15.5768 0.836595 -3.95409 -2.85392 -1.4573 -1.54127 -1.78595 -1.07167 -5.13535e-14 1.07167 1.78595 1.54127 1.4573 2.85392 3.95409 -0.836595 -15.5768 -32.5799 0.000272013 0 0 
data/deep_blue.wav 342.857 0.0299502 0.000835919 0.00160671 0.00251496 0.0079378 0.00834518 0.00351785 0.0106471 0.00308887 0.00145475 0.00387779 0.00368408 0.00149267 0.715262 270.879 -286.178 29.025 17.0437 5.10651 -0.945292 -1.74765 -0.976242 -0.943136 -1.37131 -1.10289 -5.18108e-14 1.10289 1.37131 0.943136 0.976242 1.74765 0.945292 -5.10651 -17.0437 -29.025 0.000190851 0 0 
data/deep_blue.wav 344.671 0.0286391 0.000736233 0.00119037 0.00309712 0.00989301 0.00447497 0.00196524 0.00686051 0.00244418 0.000928821 0.00385205 0.00431789 0.000674027 0.546499 241.57 -288.674 27.4257 15.426 4.71196 0.259203 -0.174824 -0.58546 -1.8358 -2.50798 -1.74283 -5.23098e-14 1.74283 2.50798 1.8358 0.58546 0.174824 -0.259203 -4.71196 -15.426 -27.4257 0.000157975 9.76563e-05 9.76563e-05 
data/deep_blue.wav 346.485 0.0253853 0.00164057 0.00327406 0.00291655 0.00456324 0.00832692 0.00327319 0.00924548 0.00329136 0.00743596 0.00508938 0.00321872 0.00182462 0.830745 327.606 -285.056 29.3545 18.0165 6.45832 -0.109495 -1.31309 -0.316304 0.038026 -0.522559 -0.715469 -5.13258e-14 0.715469 0.522559 -0.038026 0.316304 1.31309 0.109495 -6.45832 -18.0165 -29.3545 0.000220609 0 0 
data/deep_blue.wav 348.299 0.0183899 0.00158385 0.00263001 0.0016334 0.00214897 0.00452848 0.00280547 0.00220885 0.00183681 0.00476824 0.00227061 0.00110079 0.00143599 0.536224 293.459 -296.805 21.7208 15.6843 8.35184 2.43184 -0.517329 -0.654558 0.571973 1.5026 1.23969 -5.11153e-14 -1.23969 -1.5026 -0.571973 0.654558 0.517329 -2.43184 -8.35184 -15.6843 -21.7208 0.000117824 0 0 
data/deep_blue.wav 350.113 0.0223641 0.00173193 0.00192073 0.00206383 0.00214724 0.00589272 0.00341312 0.0011465 0.00116085 0.00349251 0.00171177 0.000916128 0.00189348 0.407264 468.102 -297.638 21.3033 15.8628 8.93675 3.25834 0.307888 0.125866 1.29711 2.09785 1.60563 -5.10413e-14 -1.60563 -2.09785 -1.29711 -0.125866 -0.307888 -3.25834 -8.93675 -15.8628 -21.3033 0.000125277 9.76563e-05 9.76563e-05 
data/deep_blue.wav 351.927 0.0409337 0.00345408 0.0147354 0.00437082 0.00494165 0.00710062 0.00438127 0.00143367 0.00183112 0.0107781 0.0022668 0.00119562 0.00197301 0.805237 399.044 -280.183 32.4929 14.7505 -0.032792 -3.31422 -0.20324 1.93803 0.363175 -2.35048 -2.51188 -5.22321e-14 2.51188 2.35048 -0.363175 -1.93803 0.20324 3.31422 0.032792 -14.7505 -32.4929 0.000258374 0 0 
data/deep_blue.wav 353.741 0.0424536 0.00333149 0.0086099 0.00279812 0.0054939 0.00859384 0.00409821 0.00147406 0.00186213 0.0100739 0.00245335 0.0010876 0.00168189 0.653263 422.004 -283.918 30.7806 16.014 2.72562 -1.58285 -0.641409 0.66239 0.0195922 -1.39196 -1.34776 -5.18352e-14 1.34776 1.39196 -0.0195922 -0.66239 0.641409 1.58285 -2.72562 -16.014 -30.7806 0.000219591 9.76563e-05 9.76563e-05 
data/deep_blue.wav 355.556 0.0346264 0.0034907 0.0147651 0.0033917 0.00247304 0.00411184 0.00380304 0.00751402 0.00274837 0.00663083 0.00310649 0.00153222 0.00140389 0.586497 337.616 -283.647 30.4941 16.61 3.46014 -1.87377 -1.52467 -0.481489 -1.29203 -2.73282 -2.38357 -5.23069e-14 2.38357 2.73282 1.29203 0.481489 1.52467 1.87377 -3.46014 -16.61 -30.4941 0.000226757 0.000292969 0.000292969 
data/deep_blue.wav 357.37 0.0218077 0.00149506 0.00363208 0.00227534 0.00243247 0.00676783 0.00388666 0.00291928 0.00121707 0.00356455 0.0014759 0.000768459 0.00179849 0.426494 575.662 -295.241 23.1158 16.7145 9.11658 3.36475 0.488767 -0.149402 0.109886 0.289367 0.196289 -5.15656e-14 -0.196289 -0.289367 -0.109886 0.149402 -0.488767 -3.36475 -9.11658 -16.7145 -23.1158 0.000153267 9.76563e-05 9.76563e-05 
data/deep_blue.wav 359.184 0.0253546 0.0020372 0.00775405 0.00355123 0.00249142 0.00846606 0.00528715 0.00190682 0.0013472 0.00472869 0.00175243 0.00108706 0.0024915 0.427042 600.873 -290.137 26.6954 17.871 8.20828 2.1774 -0.0496527 -0.203033 -0.101167 -0.299971 -0.306673 -5.15422e-14 0.306673 0.299971 0.101167 0.203033 0.0496527 -2.1774 -8.20828 -17.871 -26.6954 0.000224448 9.76563e-05 9.76563e-05 
data/deep_blue.wav 360.998 0.0502593 0.00610563 0.00839057 0.00398164 0.00624268 0.00689711 0.00468519 0.00158039 0.00225518 0.0151843 0.00351246 0.00145386 0.00208848 0.619881 317.951 -279.955 32.969 16.1646 1.36742 -2.54733 -1.14463 0.677163 0.113112 -1.66939 -1.65618 -5.14483e-14 1.65618 1.66939 -0.113112 -0.677163 1.14463 2.54733 -1.36742 -16.1646 -32.969 0.000260801 0 0 
data/deep_blue.wav 362.812 0.0383382 0.00216829 0.00440882 0.00225645 0.0037233 0.00634716 0.00486947 0.0126826 0.00256124 0.00376217 0.00247329 0.00141031 0.00344013 0.596524 350.801 -285.132 30.0848 16.2413 2.80579 -1.94095 -0.0213231 2.70652 2.2869 -0.264732 -1.3116 -5.21891e-14 1.3116 0.264732 -2.2869 -2.70652 0.0213231 1.94095 -2.80579 -16.2413 -30.0848 0.000197486 0 0 
data/deep_blue.wav 364.626 0.0199362 0.001514 0.00151932 0.00140515 0.00193471 0.00324357 0.00294589 0.00745621 0.00193542 0.0023744 0.00196385 0.00123514 0.00236728 0.549179 444.485 -296.386 22.1962 16.4683 9.70681 4.40778 1.29678 -0.248948 -1.06181 -1.37134 -0.990187 -5.21232e-14 0.990187 1.37134 1.06181 0.248948 -1.29678 -4.40778 -9.70681 -16.4683 -22.1962 0.000139575 0 0 
data/deep_blue.wav 366.44 0.0182825 0.00116589 0.00101164 0.00183214 0.00246117 0.00674227 0.00395753 0.00192487 0.000747195 0.00235272 0.00106131 0.000662882 0.00161592 0.204561 717.914 -298.766 20.3413 15.9612 10.3066 5.35143 2.31136 1.32031 1.49617 1.67918 1.16134 -5.12643e-14 -1.16134 -1.67918 -1.49617 -1.32031 -2.31136 -5.35143 -10.3066 -15.9612 -20.3413 0.000142809 0 0 
data/deep_blue.wav 368.254 0.0267067 0.00369616 0.00950302 0.00253836 0.00208424 0.00544783 0.00366291 0.00144093 0.00143581 0.00350434 0.00190613 0.000955836 0.0017559 0.580452 442.248 -290.541 26.666 16.7371 6.6482 0.768655 -1.33436 -1.41913 -0.648094 0.270763 0.578232 -5.12399e-14 -0.578232 -0.270763 0.648094 1.41913 1.33436 -0.768655 -6.6482 -16.7371 -26.666 0.000186729 9.76563e-05 9.76563e-05 
data/deep_blue.wav 370.068 0.033319 0.00268276 0.00198115 0.00228198 0.00617203 0.00708274 0.00418519 0.00152775 0.00211216 0.0142526 0.00274857 0.00111081 0.00330003 0.607752 319.435 -284.711 30.4827 16.6176 3.6298 -1.18658 0.0435091 1.82806 0.918534 -1.37225 -1.86522 -5.22695e-14 1.86522 1.37225 -0.918534 -1.82806 -0.0435091 1.18658 -3.6298 -16.6176 -30.4827 0.000217838 0 0 
data/deep_blue.wav 371.882 0.0397942 0.00190632 0.00190734 0.00225907 0.00261148 0.0137243 0.00354569 0.00229436 0.00154055 0.00355341 0.00171731 0.00105031 0.00442088 0.442392 307.397 -290.458 26.6853 16.3795 5.79269 0.989366 0.539501 1.43925 1.25245 0.089614 -0.42138 -5.18408e-14 0.42138 -0.089614 -1.25245 -1.43925 -0.539501 -0.989366 -5.79269 -16.3795 -26.6853 0.000162295 0 0 
data/deep_blue.wav 373.696 0.030314 0.00139916 0.00131113 0.0016455 0.00241806 0.00855858 0.00298949 0.00287942 0.00154065 0.00315899 0.00149645 0.000905539 0.00281402 0.387444 301.323 -295.257 23.1527 15.9421 7.61191 2.17567 0.22719 0.471648 1.13104 1.2101 0.727769 -5.14993e-14 -0.727769 -1.2101 -1.13104 -0.471648 -0.22719 -2.17567 -7.61191 -15.9421 -23.1527 0.000124992 0 0 
data/deep_blue.wav 375.51 0.0182656 0.00100984 0.000938748 0.00158997 0.00221567 0.00586796 0.0029374 0.00180999 0.00102251 0.00221227 0.00134319 0.000913556 0.0019199 0.494164 456.872 -299.506 19.593 15.2717 9.74353 4.94945 1.99768 0.910465 0.894034 1.00876 0.704594 -5.15078e-14 -0.704594 -1.00876 -0.894034 -0.910465 -1.99768 -4.94945 -9.74353 -15.2717 -19.593 0.000116963 0 0 
data/deep_blue.wav 377.324 0.020688 0.00111834 0.000959133 0.00150454 0.00190344 0.00937782 0.0033925 0.00359209 0.00166252 0.00229888 0.00118958 0.000761632 0.00251321 0.490732 312.866 -295.858 22.8877 17.115 9.83652 3.85275 0.441148 -0.566627 -0.257819 0.228535 0.312827 -5.15545e-14 -0.312827 -0.228535 0.257819 0.566627 -0.441148 -3.85275 -9.83652 -17.115 -22.8877 0.000143137 9.76563e-05 9.76563e-05 
data/deep_blue.wav 379.138 0.0281598 0.00119341 0.00108275 0.00182735 0.00244021 0.0121795 0.00367186 0.00137848 0.00120994 0.00301721 0.00157023 0.00090868 0.0033466 0.344988 405.762 -293.185 25.4208 17.8711 8.71036 2.37541 -0.100347 -0.0432047 0.694183 0.964054 0.632827 -5.15717e-14 -0.632827 -0.964054 -0.694183 0.0432047 0.100347 -2.37541 -8.71036 -17.8711 -25.4208 0.00016275 0 0 
data/deep_blue.wav 380.952 0.0249355 0.000687127 0.000809822 0.000811637 0.00135579 0.00479023 0.00155455 0.00199375 0.000703315 0.00185695 0.000783301 0.000704135 0.00157668 0.649014 269.21 -300.839 18.0947 12.9191 6.84738 2.33487 0.25987 0.032904 0.453407 0.674223 0.472688 -5.17124e-14 -0.472688 -0.674223 -0.453407 -0.032904 -0.25987 -2.33487 -6.84738 -12.9191 -18.0947 8.0222e-05 0 0 
data/deep_blue.wav 382.766 0.0357196 0.000432953 0.000447866 0.000386027 0.00041926 0.0011631 0.000666848 0.000531995 0.000337883 0.000644467 0.000394249 0.000244405 0.000394602 0.344649 318.719 -310.636 7.46419 6.65672 5.44804 4.12829 2.88799 1.8742 1.12757 0.613408 0.267097 -5.19493e-14 -0.267097 -0.613408 -1.12757 -1.8742 -2.88799 -4.12829 -5.44804 -6.65672 -7.46419 2.36504e-05 0 0 
data/deep_blue.wav 384.58 0.0334813 0.00140006 0.00262836 0.000695015 0.000346748 0.000910693 0.000778898 0.000450269 0.000292197 0.00229084 0.000393328 0.000216717 0.000435441 0.46965 387.298 -303.547 15.3429 10.3845 4.85443 1.12122 -0.138467 0.323207 1.19912 1.52477 1.03884 -5.15747e-14 -1.03884 -1.52477 -1.19912 -0.323207 0.138467 -1.12122 -4.85443 -10.3845 -15.3429 4.74882e-05 0 0 
data/deep_blue.wav 386.395 0.0540369 0.00211407 0.00614485 0.00116481 0.000988125 0.00126409 0.00185427 0.000803746 0.0010433 0.00354516 0.00117887 0.000666517 0.000953838 0.510211 217.857 -295.879 22.5086 11.9683 1.92336 -2.17384 -1.43252 0.673079 1.73931 1.47051 0.726673 -5.17631e-14 -0.726673 -1.47051 -1.73931 -0.673079 1.43252 2.17384 -1.92336 -11.9683 -22.5086 7.75307e-05 9.76563e-05 9.76563e-05 
data/deep_blue.wav 388.209 0.0516599 0.00169954 0.00326578 0.000804862 0.000407873 0.000329092 0.000874767 0.000395139 0.000517668 0.00259268 0.000657877 0.000389859 0.000442662 0.368203 335.248 -301.82 17.1457 10.8329 4.27717 0.600886 -0.00672573 0.916301 1.74014 1.74123 1.04198 -5.16286e-14 -1.04198 -1.74123 -1.74014 -0.916301 0.00672573 -0.600886 -4.27717 -10.8329 -17.1457 4.89276e-05 0 0 
data/deep_blue.wav 390.023 0.0549394 0.00192063 0.0102935 0.0013928 0.00051735 0.000409274 0.000679169 0.000321619 0.00047704 0.00238334 0.000535709 0.000359017 0.000467907 0.401196 679.6 -294.033 25.133 14.2331 3.76115 -1.34831 -2.40038 -2.57912 -3.38411 -3.90362 -2.72602 -5.31737e-14 2.72602 3.90362 3.38411 2.57912 2.40038 1.34831 -3.76115 -14.2331 -25.133 0.000130632 0 0 
data/deep_blue.wav 391.837 0.0877677 0.00224054 0.0165476 0.00202165 0.000684577 0.000550751 0.000893693 0.000437294 0.000580512 0.00497303 0.000721338 0.000576494 0.000706623 0.230294 701.76 -284.857 32.28 12.9381 -1.90025 -4.4704 -1.60981 -0.306011 -2.38628 -4.7525 -3.89128 -5.32639e-14 3.89128 4.7525 2.38628 0.306011 1.60981 4.4704 1.90025 -12.9381 -32.28 0.000201215 0 0 
data/deep_blue.wav 393.651 0.099969 0.000900162 0.0136324 0.00135206 0.00042368 0.00049413 0.00075697 0.000419529 0.000534433 0.00205031 0.000514255 0.000463646 0.000594755 0.410293 558.585 -290.68 26.0803 8.42271 -5.09933 -8.1756 -5.36474 -1.96143 0.538534 2.50215 2.61754 -5.05318e-14 -2.61754 -2.50215 -0.538534 1.96143 5.36474 8.1756 5.09933 -8.42271 -26.0803 0.000127503 9.76563e-05 9.76563e-05 
data/deep_blue.wav 395.465 0.0767223 0.00095265 0.0133955 0.00128856 0.000384859 0.00035935 0.000525242 0.000302929 0.000318043 0.000973204 0.000321488 0.000309268 0.000381866 0.316115 555.198 -292.177 27.0376 13.6369 0.177219 -6.85806 -7.4662 -4.23069 -0.0585825 2.62895 2.50563 -5.08586e-14 -2.50563 -2.62895 0.0585825 4.23069 7.4662 6.85806 -0.177219 -13.6369 -27.0376 0.000134487 0.0197266 0.0197266 
data/deep_blue.wav 397.279 0.0751328 0.000716495 0.00786461 0.00101881 0.000217128 0.00020103 0.00033785 0.000181579 0.000213841 0.0010689 0.000196605 0.000169489 0.000214116 0.147249 688.936 -295.886 23.366 12.12 1.4675 -3.80886 -4.47269 -3.3033 -2.10019 -1.20352 -0.510369 -5.22246e-14 0.510369 1.20352 2.10019 3.3033 4.47269 3.80886 -1.4675 -12.12 -23.366 8.51552e-05 0.0198242 0.0198242 
data/deep_blue.wav 399.093 0.0628515 0.000553793 0.00340287 0.000309111 8.22336e-05 8.65483e-05 8.60336e-05 7.81237e-05 8.41316e-05 0.00031315 6.76941e-05 6.29663e-05 8.84726e-05 0.122042 937.585 -305.087 13.9573 9.6763 4.49985 0.155544 -2.60607 -3.82293 -3.88929 -3.13225 -1.74845 -5.27567e-14 1.74845 3.13225 3.88929 3.82293 2.60607 -0.155544 -4.49985 -9.6763 -13.9573 4.52378e-05 0.000585937 0.000585937 
data/deep_blue.wav 400.907 0.146412 5.39398e-05 0.000108283 3.13899e-05 2.45588e-05 3.25979e-05 2.85926e-05 2.768e-05 2.88458e-05 3.47867e-05 2.818e-05 2.29475e-05 2.14879e-05 0.470505 458.341 -315.923 0.394718 0.296466 0.156334 0.00340217 -0.131021 -0.219715 -0.247121 -0.210097 -0.119832 -5.21054e-14 0.119832 0.210097 0.247121 0.219715 0.131021 -0.00340217 -0.156334 -0.296466 -0.394718 1.62517e-06 0 0 
data/deep_blue.wav 402.721 0.143557 9.22325e-06 6.87292e-06 8.78345e-06 7.59203e-06 9.67057e-06 9.21838e-06 7.77913e-06 7.65749e-06 7.6977e-06 9.37623e-06 7.91118e-06 8.47222e-06 0.676817 120.296 -316.226 0.00248838 0.00226999 0.00194872 0.00162472 0.00127111 0.000943859 0.000644084 0.000400652 0.000190228 -5.20571e-14 -0.000190228 -0.000400652 -0.000644084 -0.000943859 -0.00127111 -0.00162472 -0.00194872 -0.00226999 -0.00248838 1.60397e-07 0 0 
data/deep_blue.wav 404.535 0.422803 3.49126e-07 2.80542e-07 2.71278e-07 2.29622e-07 2.87479e-07 3.25507e-07 2.70266e-07 2.97772e-07 2.89018e-07 3.40102e-07 3.0568e-07 2.74152e-07 0.32927 33.4653 -316.228 1.28073e-05 1.20731e-05 1.08997e-05 9.579e-06 8.12469e-06 6.59889e-06 5.00441e-06 3.36493e-06 1.69369e-06 -5.20572e-14 -1.69369e-06 -3.36493e-06 -5.00441e-06 -6.59889e-06 -8.12469e-06 -9.579e-06 -1.08997e-05 -1.20731e-05 -1.28073e-05 8.93657e-09 0 0 
data/deep_blue.wav 406.349 0.5 0 0 0 0 0 0 0 0 0 0 0 0 0 0.5 -316.228 -4.35207e-14 3.4639e-14 -8.19345e-14 -4.44089e-15 1.3145e-13 1.09024e-13 -1.1946e-13 -5.65104e-14 -1.62037e-13 -5.20572e-14 -1.9923e-13 9.13714e-14 1.48326e-13 8.08242e-14 -4.24549e-13 -3.39728e-14 1.54543e-13 1.4877e-13 -9.85434e-13 0 0 0 
