data/Neurotica.wav 0 0.218139 0.728377 8.42808e-05 -292.575 18.6669 0.919465 1.3626 4.44574 1.05207 -2.19717 -2.02851 -1.55292 -1.12012 -4.54662e-14 1.12012 1.55292 2.02851 2.19717 -1.05207 -4.44574 -1.3626 -0.919465 -18.6669 
data/Neurotica.wav 1.81406 0.165443 0.992683 7.07364e-05 -297.185 14.1364 -1.00922 1.56021 6.79376 4.31415 0.902783 -0.165773 -0.628701 -0.309603 -4.53154e-14 0.309603 0.628701 0.165773 -0.902783 -4.31415 -6.79376 -1.56021 1.00922 -14.1364 
data/Neurotica.wav 3.62812 0.127599 1.14398 0.000101145 -288.731 20.6433 -0.197382 2.78709 6.51981 1.42283 -1.30211 -0.607985 -0.628993 -0.620432 -4.18674e-14 0.620432 0.628993 0.607985 1.30211 -1.42283 -6.51981 -2.78709 0.197382 -20.6433 
data/Neurotica.wav 5.44215 0.117647 1.21582 0.0001534 -282.743 27.8136 3.33013 2.74552 7.36745 3.63672 -1.29365 -1.56296 -0.857613 -0.449308 -4.36611e-14 0.449308 0.857613 1.56296 1.29365 -3.63672 -7.36745 -2.74552 -3.33013 -27.8136 
data/Neurotica.wav 7.25621 0.168848 1.28363 9.34496e-05 -296.654 16.8653 3.83977 3.30898 4.78107 1.77075 -1.68638 -1.96056 -1.77305 -1.63785 -4.82374e-14 1.63785 1.77305 1.96056 1.68638 -1.77075 -4.78107 -3.30898 -3.83977 -16.8653 
data/Neurotica.wav 9.07027 0.207423 1.23583 4.41393e-05 -302.718 12.5603 1.89012 -2.29996 -1.71907 -1.52702 -2.54026 -2.70994 -1.55349 -0.450523 -5.07544e-14 0.450523 1.55349 2.70994 2.54026 1.52702 1.71907 2.29996 -1.89012 -12.5603 
data/Neurotica.wav 10.8843 0.206312 1.17882 0.000262883 -271.301 19.4246 -1.62758 0.364352 1.56682 0.0498559 -1.0802 0.108951 -0.710659 0.863874 -3.95685e-14 -0.863874 0.710659 -0.108951 1.0802 -0.0498559 -1.56682 -0.364352 1.62758 -19.4246 
data/Neurotica.wav 12.6984 0.226957 0.934089 0.00041105 -268.626 21.4268 6.47478 5.21838 3.07141 3.85496 0.660724 1.42666 0.0607687 0.298746 -4.52724e-14 -0.298746 -0.0607687 -1.42666 -0.660724 -3.85496 -3.07141 -5.21838 -6.47478 -21.4268 
data/Neurotica.wav 14.5125 0.1369 1.24526 0.000450173 -273.043 29.4875 3.08432 4.334 2.85074 2.28547 0.728151 -0.561515 -1.68175 -1.01752 -4.23495e-14 1.01752 1.68175 0.561515 -0.728151 -2.28547 -2.85074 -4.334 -3.08432 -29.4875 
data/Neurotica.wav 16.3265 0.133019 0.87711 0.000341284 -280.841 27.1584 8.23343 6.01493 2.54019 1.29406 -0.0812555 -0.138489 -0.257527 0.0416433 -4.58654e-14 -0.0416433 0.257527 0.138489 0.0812555 -1.29406 -2.54019 -6.01493 -8.23343 -27.1584 
data/Neurotica.wav 18.1406 0.144211 0.897739 0.000410204 -273.77 28.7308 6.34008 5.86154 3.96782 2.28668 -0.0741507 -0.288315 -0.666355 -0.122097 -4.34039e-14 0.122097 0.666355 0.288315 0.0741507 -2.28668 -3.96782 -5.86154 -6.34008 -28.7308 
data/Neurotica.wav 19.9546 0.166571 1.09593 0.000584104 -257.329 29.4117 1.91613 6.25071 3.74718 3.43023 1.09747 1.61479 0.84547 1.28817 -3.81916e-14 -1.28817 -0.84547 -1.61479 -1.09747 -3.43023 -3.74718 -6.25071 -1.91613 -29.4117 
data/Neurotica.wav 21.7687 0.138372 1.04815 0.000526245 -267.914 31.4434 3.15295 3.99952 1.57349 3.55957 2.58269 1.64035 1.12243 1.14297 -4.20601e-14 -1.14297 -1.12243 -1.64035 -2.58269 -3.55957 -1.57349 -3.99952 -3.15295 -31.4434 
data/Neurotica.wav 23.5828 0.154075 1.11907 0.000279624 -273.717 26.6627 -1.04011 0.401992 -2.31974 -3.98609 -2.83609 -1.43352 -0.671375 1.07382 -3.91341e-14 -1.07382 0.671375 1.43352 2.83609 3.98609 2.31974 -0.401992 1.04011 -26.6627 
data/Neurotica.wav 25.3968 0.144415 1.11288 0.000426671 -276.863 28.0623 7.74816 1.57263 -0.398547 0.623103 1.95826 2.40806 0.290972 0.0794688 -4.56279e-14 -0.0794688 -0.290972 -2.40806 -1.95826 -0.623103 0.398547 -1.57263 -7.74816 -28.0623 
data/Neurotica.wav 27.2109 0.197645 0.898363 0.00051231 -261.18 30.4432 5.45834 1.24886 0.701024 -0.0686026 -1.92957 0.526111 0.201368 1.34892 -4.12223e-14 -1.34892 -0.201368 -0.526111 1.92957 0.0686026 -0.701024 -1.24886 -5.45834 -30.4432 
data/Neurotica.wav 29.0249 0.201969 1.08019 0.000457574 -260.758 30.4737 7.36409 1.68404 1.08026 0.280429 -0.623239 1.02505 -0.0706855 1.24373 -4.14057e-14 -1.24373 0.0706855 -1.02505 0.623239 -0.280429 -1.08026 -1.68404 -7.36409 -30.4737 
data/Neurotica.wav 30.839 0.155055 0.843766 0.000581432 -266.226 29.1297 6.82536 6.58666 2.23556 2.31944 0.680178 1.74802 0.805141 0.878223 -4.27604e-14 -0.878223 -0.805141 -1.74802 -0.680178 -2.31944 -2.23556 -6.58666 -6.82536 -29.1297 
data/Neurotica.wav 32.6531 0.128044 1.14348 0.000410146 -273.944 27.8828 7.44411 5.14611 1.57924 2.99762 1.39746 2.10007 0.406427 0.883758 -4.53204e-14 -0.883758 -0.406427 -2.10007 -1.39746 -2.99762 -1.57924 -5.14611 -7.44411 -27.8828 
data/Neurotica.wav 34.4671 0.115065 1.10388 0.000308853 -268.267 37.0005 1.34205 -0.0963062 1.81047 -1.5775 -0.760521 -0.37786 -1.48947 0.105778 -3.67847e-14 -0.105778 1.48947 0.37786 0.760521 1.5775 -1.81047 0.0963062 -1.34205 -37.0005 
data/Neurotica.wav 36.2812 0.180314 0.995422 0.000364822 -259.546 28.7259 2.35673 4.88509 1.62907 1.56621 -0.255411 0.878941 -0.410466 -0.0683818 -3.99256e-14 0.0683818 0.410466 -0.878941 0.255411 -1.56621 -1.62907 -4.88509 -2.35673 -28.7259 
data/Neurotica.wav 38.0952 0.191927 0.929003 0.000252797 -271.397 27.3771 6.12162 4.39298 2.10043 1.8101 -0.286015 0.266226 0.457898 0.656992 -4.41394e-14 -0.656992 -0.457898 -0.266226 0.286015 -1.8101 -2.10043 -4.39298 -6.12162 -27.3771 
data/Neurotica.wav 39.9093 0.140918 1.01583 0.000419018 -265.433 32.6586 2.5741 5.89798 -0.108167 -0.891717 0.182125 0.0933239 -0.261494 0.225217 -3.89347e-14 -0.225217 0.261494 -0.0933239 -0.182125 0.891717 0.108167 -5.89798 -2.5741 -32.6586 
data/Neurotica.wav 41.7234 0.124683 1.10308 0.000401063 -268.071 33.2695 1.80718 2.27066 3.19955 1.15098 0.909551 0.852464 -0.515023 0.869259 -3.78251e-14 -0.869259 0.515023 -0.852464 -0.909551 -1.15098 -3.19955 -2.27066 -1.80718 -33.2695 
data/Neurotica.wav 43.5374 0.206003 1.00974 0.000559168 -260.521 26.862 8.94527 6.1032 1.97602 2.51344 1.00833 1.88792 0.405835 1.38485 -4.29393e-14 -1.38485 -0.405835 -1.88792 -1.00833 -2.51344 -1.97602 -6.1032 -8.94527 -26.862 
data/Neurotica.wav 45.3515 0.142447 0.860978 0.000452747 -258.152 33.3375 1.0108 4.49164 1.43838 1.32622 -0.0314159 -0.426243 -0.320732 2.0832 -3.69424e-14 -2.0832 0.320732 0.426243 0.0314159 -1.32622 -1.43838 -4.49164 -1.0108 -33.3375 
data/Neurotica.wav 47.1655 0.124646 1.04243 0.000406875 -264.602 36.504 3.79152 3.71989 1.5409 0.892111 -0.673293 -1.1428 0.309701 1.63028 -3.98705e-14 -1.63028 -0.309701 1.1428 0.673293 -0.892111 -1.5409 -3.71989 -3.79152 -36.504 
data/Neurotica.wav 48.9796 0.110099 0.963485 0.000439005 -263.762 35.957 2.44389 6.19938 3.3579 1.421 0.614388 -0.487048 -0.00342897 1.20697 -3.72666e-14 -1.20697 0.00342897 0.487048 -0.614388 -1.421 -3.3579 -6.19938 -2.44389 -35.957 
data/Neurotica.wav 50.7937 0.135018 0.925101 0.000364411 -262.805 33.9483 0.586592 4.25244 1.63488 0.528461 -0.373167 -0.985226 -0.274392 1.37296 -3.7308e-14 -1.37296 0.274392 0.985226 0.373167 -0.528461 -1.63488 -4.25244 -0.586592 -33.9483 
data/Neurotica.wav 52.6077 0.135657 0.928434 0.000465529 -259.093 33.7576 0.746088 3.79788 3.40136 2.66464 -0.579515 0.146506 0.190234 0.705285 -3.83688e-14 -0.705285 -0.190234 -0.146506 0.579515 -2.66464 -3.40136 -3.79788 -0.746088 -33.7576 
data/Neurotica.wav 54.4218 0.148661 0.911223 0.00056842 -258.074 32.5226 3.4789 5.75106 3.41529 4.11176 0.535803 0.720405 0.067625 0.380919 -4.06478e-14 -0.380919 -0.067625 -0.720405 -0.535803 -4.11176 -3.41529 -5.75106 -3.4789 -32.5226 
data/Neurotica.wav 56.2358 0.200342 1.30412 0.000291859 -277.857 18.5747 -3.05135 -0.605001 2.42984 2.3124 0.232194 -1.56321 -1.22239 1.43788 -4.10024e-14 -1.43788 1.22239 1.56321 -0.232194 -2.3124 -2.42984 0.605001 3.05135 -18.5747 
data/Neurotica.wav 58.0499 0.0983368 1.23776 0.000178653 -282.903 29.2847 3.53023 -1.77204 2.5884 3.73982 1.71544 -1.01041 -1.19176 0.5621 -4.55435e-14 -0.5621 1.19176 1.01041 -1.71544 -3.73982 -2.5884 1.77204 -3.53023 -29.2847 
data/Neurotica.wav 59.8639 0.192041 0.957676 0.000493238 -259.902 26.6562 -0.888313 3.88489 2.76369 3.81749 0.83753 -0.698148 -1.19786 1.38669 -3.85161e-14 -1.38669 1.19786 0.698148 -0.83753 -3.81749 -2.76369 -3.88489 0.888313 -26.6562 
data/Neurotica.wav 61.678 0.210143 0.856452 0.000624682 -258.449 24.6391 5.75876 6.90612 1.88997 3.65774 0.591768 1.85786 0.0247319 0.148305 -4.32964e-14 -0.148305 -0.0247319 -1.85786 -0.591768 -3.65774 -1.88997 -6.90612 -5.75876 -24.6391 
data/Neurotica.wav 63.4921 0.138479 1.28041 0.000408412 -276.318 29.5527 7.24983 5.41139 4.80148 4.03211 0.686807 -0.628856 -1.35266 -0.7709 -4.54004e-14 0.7709 1.35266 0.628856 -0.686807 -4.03211 -4.80148 -5.41139 -7.24983 -29.5527 
data/Neurotica.wav 65.3061 0.140167 1.1887 0.000368189 -275.718 26.992 7.46763 6.95939 4.16408 4.08532 1.73025 0.78511 -0.89881 -0.297437 -4.5081e-14 0.297437 0.89881 -0.78511 -1.73025 -4.08532 -4.16408 -6.95939 -7.46763 -26.992 
data/Neurotica.wav 67.1202 0.131229 1.21046 0.000448279 -273.832 30.7702 6.66923 6.23755 4.52305 3.9022 1.86364 0.49465 -0.830407 -0.55106 -4.3738e-14 0.55106 0.830407 -0.49465 -1.86364 -3.9022 -4.52305 -6.23755 -6.66923 -30.7702 
data/Neurotica.wav 68.9342 0.245298 1.09279 0.000424842 -253.935 22.3698 4.13122 4.98917 0.975882 2.86368 0.0159892 1.68455 0.748518 0.574936 -4.24278e-14 -0.574936 -0.748518 -1.68455 -0.0159892 -2.86368 -0.975882 -4.98917 -4.13122 -22.3698 
data/Neurotica.wav 70.7483 0.176089 1.1181 0.000559407 -263.234 28.8173 2.43277 4.52532 3.01043 4.25461 1.96725 2.16308 1.18259 2.0868 -4.0223e-14 -2.0868 -1.18259 -2.16308 -1.96725 -4.25461 -3.01043 -4.52532 -2.43277 -28.8173 
data/Neurotica.wav 72.5624 0.198784 1.20356 0.000446059 -273.48 22.7265 2.71054 3.94389 1.58555 2.995 -0.206234 -0.454377 -0.126475 1.38154 -4.42198e-14 -1.38154 0.126475 0.454377 0.206234 -2.995 -1.58555 -3.94389 -2.71054 -22.7265 
data/Neurotica.wav 74.3764 0.126556 1.14769 0.000437666 -268.957 32.3265 0.880943 -0.228073 4.03266 5.00059 2.04682 -1.86219 -1.5623 2.55133 -3.97719e-14 -2.55133 1.5623 1.86219 -2.04682 -5.00059 -4.03266 0.228073 -0.880943 -32.3265 
data/Neurotica.wav 76.1905 0.226122 0.998864 0.000440582 -266.875 23.6788 2.67227 2.13733 2.41697 3.3303 1.2179 1.73814 0.718507 1.00505 -4.24447e-14 -1.00505 -0.718507 -1.73814 -1.2179 -3.3303 -2.41697 -2.13733 -2.67227 -23.6788 
data/Neurotica.wav 78.0045 0.167634 0.88289 0.00069544 -261.992 29.0852 5.58651 6.90288 5.43861 5.60681 1.66739 1.43892 0.796061 0.970452 -4.1959e-14 -0.970452 -0.796061 -1.43892 -1.66739 -5.60681 -5.43861 -6.90288 -5.58651 -29.0852 
data/Neurotica.wav 79.8186 0.176631 1.13716 0.000245258 -280.89 24.3333 6.12536 6.34979 1.52394 0.29494 -0.364752 -0.0423307 -0.728058 -0.437593 -4.49668e-14 0.437593 0.728058 0.0423307 0.364752 -0.29494 -1.52394 -6.34979 -6.12536 -24.3333 
data/Neurotica.wav 81.6327 0.146703 1.02593 0.000367158 -277.503 24.8489 3.63738 7.247 5.09092 3.44392 1.85024 2.35624 0.662837 0.0428561 -4.21762e-14 -0.0428561 -0.662837 -2.35624 -1.85024 -3.44392 -5.09092 -7.247 -3.63738 -24.8489 
data/Neurotica.wav 83.4467 0.19032 0.886408 0.000177638 -277.308 24.149 1.18583 4.09956 4.10548 1.06222 -0.0935844 1.07469 -0.0465821 -0.195428 -4.05757e-14 0.195428 0.0465821 -1.07469 0.0935844 -1.06222 -4.10548 -4.09956 -1.18583 -24.149 
data/Neurotica.wav 85.2608 0.187477 0.936681 0.000502197 -257.022 26.7393 3.36782 8.22077 2.90777 2.83769 0.181762 1.41432 -0.0692097 -0.142888 -4.01228e-14 0.142888 0.0692097 -1.41432 -0.181762 -2.83769 -2.90777 -8.22077 -3.36782 -26.7393 
data/Neurotica.wav 87.0748 0.139028 0.937769 0.000733385 -264.212 28.828 6.80237 10.4873 5.3727 1.62423 0.943832 2.61938 1.09299 0.665761 -3.86828e-14 -0.665761 -1.09299 -2.61938 -0.943832 -1.62423 -5.3727 -10.4873 -6.80237 -28.828 
data/Neurotica.wav 88.8889 0.181737 0.91385 0.000279483 -284.058 20.4526 3.96476 6.03494 2.07302 0.692727 0.37234 0.932536 -0.123014 -0.400587 -4.45207e-14 0.400587 0.123014 -0.932536 -0.37234 -0.692727 -2.07302 -6.03494 -3.96476 -20.4526 
data/Neurotica.wav 90.7029 0.181839 0.971669 0.000334954 -276.899 19.5591 6.70219 11.956 5.43367 4.08488 1.27977 1.60041 0.237332 0.242103 -4.42755e-14 -0.242103 -0.237332 -1.60041 -1.27977 -4.08488 -5.43367 -11.956 -6.70219 -19.5591 
data/Neurotica.wav 92.517 0.137381 0.990573 0.000492329 -273.077 30.3551 7.71523 7.24095 5.80814 1.78987 0.278254 0.5935 -1.13876 -0.76771 -4.15306e-14 0.76771 1.13876 -0.5935 -0.278254 -1.78987 -5.80814 -7.24095 -7.71523 -30.3551 
data/Neurotica.wav 94.3311 0.176614 0.910442 0.000681902 -258.36 27.7251 6.71981 9.84972 3.93793 2.48854 1.158 2.61334 0.543054 0.848818 -3.94177e-14 -0.848818 -0.543054 -2.61334 -1.158 -2.48854 -3.93793 -9.84972 -6.71981 -27.7251 
data/Neurotica.wav 96.1451 0.17703 0.99003 0.000550372 -263.327 26.8949 3.42134 8.98688 4.49541 3.91964 1.22086 1.84641 -0.0258864 0.0176587 -4.02957e-14 -0.0176587 0.0258864 -1.84641 -1.22086 -3.91964 -4.49541 -8.98688 -3.42134 -26.8949 
data/Neurotica.wav 97.9592 0.0852266 0.906724 0.000307834 -281.3 31.9466 10.0824 4.39454 3.14586 1.37437 0.297859 0.506589 0.518408 0.369311 -4.60007e-14 -0.369311 -0.518408 -0.506589 -0.297859 -1.37437 -3.14586 -4.39454 -10.0824 -31.9466 
data/Neurotica.wav 99.7732 0.155437 0.869903 0.000573604 -268.66 27.9891 7.51212 10.1116 6.17208 2.17008 -0.353745 -0.438555 -1.54986 -1.07499 -4.13153e-14 1.07499 1.54986 0.438555 0.353745 -2.17008 -6.17208 -10.1116 -7.51212 -27.9891 
data/Neurotica.wav 101.587 0.17002 0.999168 0.000541742 -259.656 28.3973 4.73916 9.56067 2.97198 1.45075 -0.264378 0.9229 -0.433129 -0.285705 -3.96232e-14 0.285705 0.433129 -0.9229 0.264378 -1.45075 -2.97198 -9.56067 -4.73916 -28.3973 
data/Neurotica.wav 103.401 0.149877 0.962166 0.000380854 -261.71 33.5246 2.36928 2.07171 0.410312 0.811848 -0.256868 0.514948 -0.935489 0.069284 -3.99244e-14 -0.069284 0.935489 -0.514948 0.256868 -0.811848 -0.410312 -2.07171 -2.36928 -33.5246 
data/Neurotica.wav 105.215 0.109833 0.880813 0.000521162 -260.7 36.5635 0.425911 4.20481 2.72086 0.731359 0.347354 -0.915108 -0.4041 1.69697 -3.52517e-14 -1.69697 0.4041 0.915108 -0.347354 -0.731359 -2.72086 -4.20481 -0.425911 -36.5635 
data/Neurotica.wav 107.029 0.145167 0.872872 0.000450527 -255.666 34.3402 -0.346047 5.73059 1.31053 0.423894 -0.325158 -1.42985 -1.04687 0.896217 -3.55706e-14 -0.896217 1.04687 1.42985 0.325158 -0.423894 -1.31053 -5.73059 0.346047 -34.3402 
data/Neurotica.wav 108.844 0.140406 0.940098 0.000445503 -259.128 34.5944 2.21151 5.02342 0.806719 1.59667 0.742677 0.65381 -0.481938 0.116637 -3.91156e-14 -0.116637 0.481938 -0.65381 -0.742677 -1.59667 -0.806719 -5.02342 -2.21151 -34.5944 
data/Neurotica.wav 110.658 0.232192 0.800014 0.000431854 -248.02 24.5819 2.1088 7.15022 -1.4449 2.6178 -0.456939 -0.108884 -1.81517 0.0854565 -4.11208e-14 -0.0854565 1.81517 0.108884 0.456939 -2.6178 1.4449 -7.15022 -2.1088 -24.5819 
data/Neurotica.wav 112.472 0.157712 0.816551 0.000533904 -258.416 32.2632 4.10802 6.46243 0.135336 2.18118 -0.0713796 0.250148 -0.431821 0.666744 -4.13671e-14 -0.666744 0.431821 -0.250148 0.0713796 -2.18118 -0.135336 -6.46243 -4.10802 -32.2632 
data/Neurotica.wav 114.286 0.118529 0.798901 0.000421311 -262.296 36.3916 2.67361 5.44644 2.28954 2.0661 0.734226 -1.05416 -0.921316 -0.241624 -3.94735e-14 0.241624 0.921316 1.05416 -0.734226 -2.0661 -2.28954 -5.44644 -2.67361 -36.3916 
data/Neurotica.wav 116.1 0.132747 1.05149 0.00038323 -262.427 35.6215 0.658707 3.61109 -1.33255 -1.84304 -0.232948 -0.821995 -0.722532 -0.47333 -3.80061e-14 0.47333 0.722532 0.821995 0.232948 1.84304 1.33255 -3.61109 -0.658707 -35.6215 
data/Neurotica.wav 117.914 0.145647 0.877628 0.000508114 -255.653 33.6373 1.49644 6.08244 0.374913 1.37845 0.96203 0.38871 -0.846719 0.125552 -3.79939e-14 -0.125552 0.846719 -0.38871 -0.96203 -1.37845 -0.374913 -6.08244 -1.49644 -33.6373 
data/Neurotica.wav 119.728 0.162894 0.806461 0.00036977 -259.687 31.0972 0.960736 5.29005 0.992322 1.56736 -0.18997 -0.901849 -0.442174 0.159438 -3.95881e-14 -0.159438 0.442174 0.901849 0.18997 -1.56736 -0.992322 -5.29005 -0.960736 -31.0972 
data/Neurotica.wav 121.542 0.134524 0.929355 0.000392173 -265.186 32.685 3.09372 5.52751 1.19894 1.2357 -0.0101565 -0.0957779 0.442704 -0.447691 -4.15537e-14 0.447691 -0.442704 0.0957779 0.0101565 -1.2357 -1.19894 -5.52751 -3.09372 -32.685 
data/Neurotica.wav 123.356 0.163653 0.763958 0.000357498 -261.364 30.0866 1.18379 4.74124 2.92732 1.56201 -0.581468 1.40803 0.77614 -1.16517 -3.99191e-14 1.16517 -0.77614 -1.40803 0.581468 -1.56201 -2.92732 -4.74124 -1.18379 -30.0866 
data/Neurotica.wav 125.17 0.179562 1.05848 0.000277705 -264.907 26.6031 -1.95675 1.69325 -0.265123 1.28491 -0.342773 0.54781 -0.384861 -0.438014 -4.07568e-14 0.438014 0.384861 -0.54781 0.342773 -1.28491 0.265123 -1.69325 1.95675 -26.6031 
data/Neurotica.wav 126.984 0.144899 0.935137 0.000568429 -262.018 32.1648 1.80907 3.76633 4.92041 3.80101 1.41524 2.70697 0.63384 0.0374007 -3.88165e-14 -0.0374007 -0.63384 -2.70697 -1.41524 -3.80101 -4.92041 -3.76633 -1.80907 -32.1648 
data/Neurotica.wav 128.798 0.154799 1.09691 0.000253115 -279.268 27.8146 5.90187 2.25971 2.4082 3.69517 2.85899 1.74556 0.735308 0.536293 -4.57286e-14 -0.536293 -0.735308 -1.74556 -2.85899 -3.69517 -2.4082 -2.25971 -5.90187 -27.8146 
data/Neurotica.wav 130.612 0.155184 0.908216 0.000516842 -265.775 27.7997 0.750768 5.53148 4.03602 3.5412 2.20434 2.27264 0.100881 0.583632 -3.85998e-14 -0.583632 -0.100881 -2.27264 -2.20434 -3.5412 -4.03602 -5.53148 -0.750768 -27.7997 
data/Neurotica.wav 132.426 0.101461 1.07124 0.000503596 -270.933 34.114 3.11425 1.94397 1.79392 1.67146 2.52675 2.05727 0.379568 -0.423294 -4.10158e-14 0.423294 -0.379568 -2.05727 -2.52675 -1.67146 -1.79392 -1.94397 -3.11425 -34.114 
data/Neurotica.wav 134.24 0.170167 1.05677 0.00061141 -264.136 28.4134 6.51417 5.53358 4.40379 4.81529 1.89697 2.21845 1.19303 0.14578 -4.35781e-14 -0.14578 -1.19303 -2.21845 -1.89697 -4.81529 -4.40379 -5.53358 -6.51417 -28.4134 
data/Neurotica.wav 136.054 0.212611 0.919106 0.000324625 -264.955 22.978 0.184159 6.57554 0.0415664 1.84557 0.547503 1.2467 -0.0420431 0.0146814 -4.13046e-14 -0.0146814 0.0420431 -1.2467 -0.547503 -1.84557 -0.0415664 -6.57554 -0.184159 -22.978 
data/Neurotica.wav 137.868 0.181518 1.06369 0.00058066 -258.874 25.0842 -0.037843 6.16429 1.3647 1.78618 -0.0990007 1.32253 -0.435298 -0.294568 -3.91975e-14 0.294568 0.435298 -1.32253 0.0990007 -1.78618 -1.3647 -6.16429 0.037843 -25.0842 
data/Neurotica.wav 139.683 0.120738 1.04533 0.000492223 -268.328 31.7326 2.90154 7.69886 3.21338 1.81068 2.87477 1.98954 0.925689 0.58918 -3.83738e-14 -0.58918 -0.925689 -1.98954 -2.87477 -1.81068 -3.21338 -7.69886 -2.90154 -31.7326 
data/Neurotica.wav 141.497 0.132962 1.01166 0.000587478 -271.53 29.3883 5.47254 8.4754 3.87928 3.42723 3.29949 2.76439 0.934438 1.02744 -4.09757e-14 -1.02744 -0.934438 -2.76439 -3.29949 -3.42723 -3.87928 -8.4754 -5.47254 -29.3883 
data/Neurotica.wav 143.311 0.127948 0.939186 0.000347697 -269.812 29.4849 -1.19658 2.01429 0.636747 0.87769 1.05034 0.431001 -0.545176 -0.653232 -3.98983e-14 0.653232 0.545176 -0.431001 -1.05034 -0.87769 -0.636747 -2.01429 1.19658 -29.4849 
data/Neurotica.wav 145.125 0.186957 1.17002 0.000437172 -270.576 25.1205 2.42343 4.58689 3.5131 5.01077 2.06995 1.19183 0.0205356 0.187129 -4.33868e-14 -0.187129 -0.0205356 -1.19183 -2.06995 -5.01077 -3.5131 -4.58689 -2.42343 -25.1205 
data/Neurotica.wav 146.939 0.262193 0.769622 0.000444841 -286.618 20.4649 3.94009 3.1018 2.89539 3.07743 1.32329 1.47996 0.497028 0.410064 -4.63753e-14 -0.410064 -0.497028 -1.47996 -1.32329 -3.07743 -2.89539 -3.1018 -3.94009 -20.4649 
data/Vida_loca.wav 0 0.249137 0.64347 0.000199764 -282.537 17.2661 0.480841 8.5378 2.82924 2.23126 2.05755 2.13635 1.75055 0.875588 -4.23802e-14 -0.875588 -1.75055 -2.13635 -2.05755 -2.23126 -2.82924 -8.5378 -0.480841 -17.2661 
data/Vida_loca.wav 1.81406 0.16529 0.84184 0.000292766 -267.646 26.1656 -2.44949 7.27566 1.71157 2.40533 3.6494 2.2245 1.29889 0.545165 -3.77072e-14 -0.545165 -1.29889 -2.2245 -3.6494 -2.40533 -1.71157 -7.27566 2.44949 -26.1656 
data/Vida_loca.wav 3.62812 0.161752 0.850009 0.000256456 -272.492 25.731 0.191489 7.40634 2.83292 1.82208 1.60076 1.73076 1.39501 0.555549 -3.96128e-14 -0.555549 -1.39501 -1.73076 -1.60076 -1.82208 -2.83292 -7.40634 -0.191489 -25.731 
data/Vida_loca.wav 5.44215 0.14409 0.778262 0.000274834 -267.246 30.9136 -0.0042579 4.29153 1.80008 1.30328 -0.226117 0.194269 0.402366 -0.400151 -4.01588e-14 0.400151 -0.402366 -0.194269 0.226117 -1.30328 -1.80008 -4.29153 0.0042579 -30.9136 
data/Vida_loca.wav 7.25621 0.16626 0.768369 0.000292635 -263.502 26.2807 -5.62711 5.86685 1.45037 3.28474 3.50303 2.47088 1.28668 0.132669 -3.69421e-14 -0.132669 -1.28668 -2.47088 -3.50303 -3.28474 -1.45037 -5.86685 5.62711 -26.2807 
data/Vida_loca.wav 9.07027 0.166305 0.835093 0.000265671 -269.872 25.7107 -0.319751 6.60194 1.43998 3.45666 3.48823 2.29219 0.820562 0.701838 -4.04162e-14 -0.701838 -0.820562 -2.29219 -3.48823 -3.45666 -1.43998 -6.60194 0.319751 -25.7107 
data/Vida_loca.wav 10.8843 0.201104 0.783543 0.000339915 -261.027 22.6103 -0.884753 10.8547 0.566634 2.49165 1.21455 1.42867 0.322479 0.385477 -3.93649e-14 -0.385477 -0.322479 -1.42867 -1.21455 -2.49165 -0.566634 -10.8547 0.884753 -22.6103 
data/Vida_loca.wav 12.6984 0.157979 0.924003 0.000324367 -267.763 28.9802 3.86175 7.69854 2.13712 0.992149 0.676651 0.0100376 -1.3773 -0.798376 -4.0521e-14 0.798376 1.3773 -0.0100376 -0.676651 -0.992149 -2.13712 -7.69854 -3.86175 -28.9802 
data/Vida_loca.wav 14.5125 0.184867 0.804047 0.000258781 -275.343 23.8861 5.43652 9.00677 1.71693 2.53425 1.24774 1.90864 1.6432 1.31584 -4.42511e-14 -1.31584 -1.6432 -1.90864 -1.24774 -2.53425 -1.71693 -9.00677 -5.43652 -23.8861 
data/Vida_loca.wav 16.3265 0.137062 0.924411 0.000299822 -272.812 30.1773 5.80546 7.33632 0.82932 -0.579309 -0.0349233 1.16469 0.953269 0.228836 -4.20892e-14 -0.228836 -0.953269 -1.16469 0.0349233 0.579309 -0.82932 -7.33632 -5.80546 -30.1773 
data/Vida_loca.wav 18.1406 0.154927 0.93564 0.000309993 -269.744 29.9122 4.03936 5.75958 2.27351 1.48343 0.604974 0.032639 -0.483702 0.0255753 -4.13788e-14 -0.0255753 0.483702 -0.032639 -0.604974 -1.48343 -2.27351 -5.75958 -4.03936 -29.9122 
data/Vida_loca.wav 19.9546 0.175347 0.852122 0.000308627 -268.039 26.2222 2.45728 8.00073 2.51497 2.69352 1.23707 1.15095 0.599639 1.18565 -4.05764e-14 -1.18565 -0.599639 -1.15095 -1.23707 -2.69352 -2.51497 -8.00073 -2.45728 -26.2222 
data/Vida_loca.wav 21.7687 0.129494 0.903674 0.000320682 -270.556 31.2049 5.28211 6.90366 0.847589 -0.83515 -0.818154 0.700766 0.592918 0.711129 -4.09947e-14 -0.711129 -0.592918 -0.700766 0.818154 0.83515 -0.847589 -6.90366 -5.28211 -31.2049 
data/Vida_loca.wav 23.5828 0.133823 0.743976 0.000250429 -276.056 28.2075 4.67892 7.84201 4.99555 2.92707 0.71996 0.159584 0.0842594 0.300652 -4.21347e-14 -0.300652 -0.0842594 -0.159584 -0.71996 -2.92707 -4.99555 -7.84201 -4.67892 -28.2075 
data/Vida_loca.wav 25.3968 0.128297 0.764668 0.000303204 -273.636 29.5912 4.05711 6.48437 4.30864 3.85136 1.96893 0.387159 -0.520816 -0.560613 -4.26546e-14 0.560613 0.520816 -0.387159 -1.96893 -3.85136 -4.30864 -6.48437 -4.05711 -29.5912 
data/Vida_loca.wav 27.2109 0.125117 0.72731 0.00032549 -265.92 33.2474 1.05812 3.06073 0.910642 2.25753 1.35759 0.346373 -0.049123 -0.396409 -4.11023e-14 0.396409 0.049123 -0.346373 -1.35759 -2.25753 -0.910642 -3.06073 -1.05812 -33.2474 
data/Vida_loca.wav 29.0249 0.189639 0.881652 0.000311787 -266.611 23.1808 2.44915 11.3864 1.34377 2.91566 1.21023 0.0432261 -0.923796 0.204916 -4.16699e-14 -0.204916 0.923796 -0.0432261 -1.21023 -2.91566 -1.34377 -11.3864 -2.44915 -23.1808 
data/Vida_loca.wav 30.839 0.134523 0.966197 0.000355856 -269.594 30.834 4.44005 8.71663 2.3721 1.44091 2.00678 -0.027874 -1.65474 -0.683843 -4.02228e-14 0.683843 1.65474 0.027874 -2.00678 -1.44091 -2.3721 -8.71663 -4.44005 -30.834 
data/Vida_loca.wav 32.6531 0.155907 0.873358 0.000261507 -276.266 27.1118 5.12162 7.22359 2.60277 1.70748 0.5803 0.572025 0.592574 0.654005 -4.31226e-14 -0.654005 -0.592574 -0.572025 -0.5803 -1.70748 -2.60277 -7.22359 -5.12162 -27.1118 
data/Vida_loca.wav 34.4671 0.187344 0.851823 0.000284232 -266.326 23.608 1.14812 9.12319 -0.682272 0.646547 1.66981 0.798764 -0.874129 -0.301006 -4.02946e-14 0.301006 0.874129 -0.798764 -1.66981 -0.646547 0.682272 -9.12319 -1.14812 -23.608 
data/Vida_loca.wav 36.2812 0.126888 0.982858 0.000345342 -268.504 32.5056 3.68034 7.86951 2.21367 -0.128474 1.01713 0.034496 -1.15807 -0.818354 -3.87766e-14 0.818354 1.15807 -0.034496 -1.01713 0.128474 -2.21367 -7.86951 -3.68034 -32.5056 
data/Vida_loca.wav 38.0952 0.182146 0.932526 0.000245745 -275.896 24.385 4.56001 7.69553 4.51141 3.44912 0.838934 0.842404 0.348032 0.809551 -4.29819e-14 -0.809551 -0.348032 -0.842404 -0.838934 -3.44912 -4.51141 -7.69553 -4.56001 -24.385 
data/Vida_loca.wav 39.9093 0.1263 0.921983 0.000379379 -263.687 33.3244 -0.77174 3.80597 1.97434 2.75153 2.31589 0.519892 -0.155369 0.538106 -3.80467e-14 -0.538106 0.155369 -0.519892 -2.31589 -2.75153 -1.97434 -3.80597 0.77174 -33.3244 
data/Vida_loca.wav 41.7234 0.13365 0.785075 0.000357244 -262.031 33.4952 -0.577273 5.4886 0.629773 -0.0301525 0.0980018 -0.781314 -1.11795 -1.09016 -3.78129e-14 1.09016 1.11795 0.781314 -0.0980018 0.0301525 -0.629773 -5.4886 0.577273 -33.4952 
data/Vida_loca.wav 43.5374 0.155117 0.864427 0.000344971 -261.197 30.6546 -1.36082 5.9325 0.230508 1.5986 1.06125 -0.179184 -1.47391 -1.57396 -3.91901e-14 1.57396 1.47391 0.179184 -1.06125 -1.5986 -0.230508 -5.9325 1.36082 -30.6546 
data/Vida_loca.wav 45.3515 0.163245 0.896978 0.000295128 -261.662 28.49 -4.00184 4.71194 1.57907 2.9339 1.60002 0.803117 -0.447118 -0.590148 -3.79148e-14 0.590148 0.447118 -0.803117 -1.60002 -2.9339 -1.57907 -4.71194 4.00184 -28.49 
data/Vida_loca.wav 47.1655 0.15335 0.875263 0.00034804 -260.077 32.4448 -3.38254 4.07926 0.375212 0.545367 0.668852 -0.387108 -1.57931 -1.03788 -3.64444e-14 1.03788 1.57931 0.387108 -0.668852 -0.545367 -0.375212 -4.07926 3.38254 -32.4448 
data/Vida_loca.wav 48.9796 0.17098 0.967185 0.000370475 -259.415 29.2727 -1.08672 4.86969 -1.35954 2.48009 1.69684 0.876304 -0.295945 -0.313412 -4.06147e-14 0.313412 0.295945 -0.876304 -1.69684 -2.48009 1.35954 -4.86969 1.08672 -29.2727 
data/Vida_loca.wav 50.7937 0.149131 0.772554 0.000392158 -257.608 30.5804 -4.00196 5.36161 -0.224649 1.96447 1.3129 0.874777 0.748385 0.194189 -3.73905e-14 -0.194189 -0.748385 -0.874777 -1.3129 -1.96447 0.224649 -5.36161 4.00196 -30.5804 
data/Vida_loca.wav 52.6077 0.157581 0.908143 0.000345857 -257.435 31.1116 -5.40845 3.66048 -0.193028 0.999578 1.03472 0.613079 -0.616614 -0.134006 -3.54233e-14 0.134006 0.616614 -0.613079 -1.03472 -0.999578 0.193028 -3.66048 5.40845 -31.1116 
data/Vida_loca.wav 54.4218 0.138492 0.965874 0.000391863 -260.994 32.1392 -2.12618 5.08861 0.182501 0.0357051 0.367976 0.56598 1.02759 0.617258 -3.67537e-14 -0.617258 -1.02759 -0.56598 -0.367976 -0.0357051 -0.182501 -5.08861 2.12618 -32.1392 
data/Vida_loca.wav 56.2358 0.153468 0.974892 0.000370086 -257.893 31.8911 -4.45339 3.81155 -0.989169 -0.987046 -0.0870976 0.932352 0.0333592 -0.191081 -3.52007e-14 0.191081 -0.0333592 -0.932352 0.0870976 0.987046 0.989169 -3.81155 4.45339 -31.8911 
data/Vida_loca.wav 58.0499 0.161175 0.939272 0.000312285 -262.932 30.2319 -1.36469 4.88783 0.186868 1.07211 1.22004 0.210234 -0.83591 -0.122983 -3.81577e-14 0.122983 0.83591 -0.210234 -1.22004 -1.07211 -0.186868 -4.88783 1.36469 -30.2319 
data/Vida_loca.wav 59.8639 0.167705 0.981025 0.000400034 -254.995 28.7764 -5.7238 6.47487 -0.677245 0.542802 2.29686 1.31413 0.53858 0.704233 -3.38139e-14 -0.704233 -0.53858 -1.31413 -2.29686 -0.542802 0.677245 -6.47487 5.7238 -28.7764 
data/Vida_loca.wav 61.678 0.14652 0.871755 0.00036742 -261.665 30.9939 -2.2203 6.63769 1.55967 0.864037 1.34207 1.32679 0.892302 0.385769 -3.60152e-14 -0.385769 -0.892302 -1.32679 -1.34207 -0.864037 -1.55967 -6.63769 2.2203 -30.9939 
data/Vida_loca.wav 63.4921 0.144686 0.910412 0.000388489 -259.115 32.5018 -3.59441 4.03271 1.02186 2.01811 1.98883 1.01558 -0.379562 -0.25062 -3.62874e-14 0.25062 0.379562 -1.01558 -1.98883 -2.01811 -1.02186 -4.03271 3.59441 -32.5018 
data/Vida_loca.wav 65.3061 0.146702 0.903987 0.00037261 -258.601 32.0328 -3.23792 4.32002 0.571035 1.44712 0.37523 0.279417 -1.05729 -0.803543 -3.71741e-14 0.803543 1.05729 -0.279417 -0.37523 -1.44712 -0.571035 -4.32002 3.23792 -32.0328 
data/Vida_loca.wav 67.1202 0.164273 0.911838 0.000333805 -258.281 29.8781 -5.58873 5.1693 -0.54369 -0.522501 1.49047 1.35619 0.0686425 0.51796 -3.34752e-14 -0.51796 -0.0686425 -1.35619 -1.49047 0.522501 0.54369 -5.1693 5.58873 -29.8781 
data/Vida_loca.wav 68.9342 0.15733 0.893164 0.000413074 -258.4 30.9923 -0.931089 7.06363 0.79717 -0.212664 -1.06541 0.226548 -0.0465435 -0.411366 -3.70983e-14 0.411366 0.0465435 -0.226548 1.06541 0.212664 -0.79717 -7.06363 0.931089 -30.9923 
data/Vida_loca.wav 70.7483 0.176802 0.93729 0.000383266 -254.422 29.405 -3.15636 4.40388 -2.40022 0.0664558 -0.350345 1.1537 -0.343367 -0.62187 -3.80046e-14 0.62187 0.343367 -1.1537 0.350345 -0.0664558 2.40022 -4.40388 3.15636 -29.405 
data/Vida_loca.wav 72.5624 0.182665 0.933355 0.000387203 -254.031 27.3373 -4.8603 7.56797 -0.619978 1.29375 0.754875 0.581025 -0.455953 0.653681 -3.53527e-14 -0.653681 0.455953 -0.581025 -0.754875 -1.29375 0.619978 -7.56797 4.8603 -27.3373 
data/Vida_loca.wav 74.3764 0.150499 0.913735 0.000384417 -256.859 31.7455 -4.04774 6.08875 0.932242 1.20168 0.761903 1.009 0.0666142 -0.368931 -3.55704e-14 0.368931 -0.0666142 -1.009 -0.761903 -1.20168 -0.932242 -6.08875 4.04774 -31.7455 
data/Vida_loca.wav 76.1905 0.140282 0.914917 0.000365395 -258.372 33.8396 -5.59155 2.06512 0.0805551 0.0763994 1.16589 0.250471 -0.875751 -0.729398 -3.45106e-14 0.729398 0.875751 -0.250471 -1.16589 -0.0763994 -0.0805551 -2.06512 5.59155 -33.8396 
data/Vida_loca.wav 78.0045 0.139005 0.921946 0.000385224 -259.073 32.9418 -3.92981 4.22201 1.29598 1.70263 2.04119 0.908889 -0.825218 -0.724953 -3.56001e-14 0.724953 0.825218 -0.908889 -2.04119 -1.70263 -1.29598 -4.22201 3.92981 -32.9418 
data/Vida_loca.wav 79.8186 0.140152 0.920963 0.000414299 -255.918 33.7404 -4.91624 4.07269 -0.291639 -0.391708 0.442671 0.301457 0.00587104 -0.185978 -3.43629e-14 0.185978 -0.00587104 -0.301457 -0.442671 0.391708 0.291639 -4.07269 4.91624 -33.7404 
data/Vida_loca.wav 81.6327 0.136723 1.01198 0.00038684 -258.346 34.1008 -4.92493 2.44855 0.0833778 0.528795 0.787746 -0.233199 -0.678002 -0.877617 -3.58017e-14 0.877617 0.678002 0.233199 -0.787746 -0.528795 -0.0833778 -2.44855 4.92493 -34.1008 
data/Vida_loca.wav 83.4467 0.137998 0.762025 0.000352107 -263.722 31.597 -2.60516 3.82088 1.62615 1.80817 2.53708 2.25926 0.883449 0.294127 -3.66833e-14 -0.294127 -0.883449 -2.25926 -2.53708 -1.80817 -1.62615 -3.82088 2.60516 -31.597 
data/Vida_loca.wav 85.2608 0.15322 0.828338 0.000284788 -262.742 29.0539 -5.05346 4.99573 0.566745 1.26575 3.08102 1.25444 0.2004 -0.231312 -3.56406e-14 0.231312 -0.2004 -1.25444 -3.08102 -1.26575 -0.566745 -4.99573 5.05346 -29.0539 
data/Vida_loca.wav 87.0748 0.128068 0.84274 0.000343199 -267.903 31.486 0.000604024 3.26611 1.37878 3.47679 3.8686 1.69319 0.0157729 -0.768773 -4.07858e-14 0.768773 -0.0157729 -1.69319 -3.8686 -3.47679 -1.37878 -3.26611 -0.000604024 -31.486 
data/Vida_loca.wav 88.8889 0.151388 0.877965 0.000341554 -259.359 30.5333 -4.69426 3.64896 0.693884 1.9989 1.17874 0.288025 -0.294445 0.508034 -3.62842e-14 -0.508034 0.294445 -0.288025 -1.17874 -1.9989 -0.693884 -3.64896 4.69426 -30.5333 
data/Vida_loca.wav 90.7029 0.150322 0.854005 0.000316533 -261.237 30.2205 -5.9047 2.00255 1.18457 3.73522 1.82422 -0.059002 -0.0741293 0.228837 -3.78228e-14 -0.228837 0.0741293 0.059002 -1.82422 -3.73522 -1.18457 -2.00255 5.9047 -30.2205 
data/Vida_loca.wav 92.517 0.152944 0.746989 0.000322721 -266.466 28.4698 -0.66757 5.28129 1.51791 3.54686 2.54887 1.12714 0.329899 0.461569 -4.02223e-14 -0.461569 -0.329899 -1.12714 -2.54887 -3.54686 -1.51791 -5.28129 0.66757 -28.4698 
data/Vida_loca.wav 94.3311 0.15092 0.825277 0.000324052 -260.152 30.4945 -3.98542 4.25537 -0.728809 0.963725 0.993806 0.257596 -0.0240439 -0.403779 -3.76629e-14 0.403779 0.0240439 -0.257596 -0.993806 -0.963725 0.728809 -4.25537 3.98542 -30.4945 
data/Vida_loca.wav 96.1451 0.159429 1.0639 0.000142377 -279.516 25.0587 1.00691 4.4383 0.208021 -2.68575 -0.23227 0.464474 0.926583 0.401796 -3.99381e-14 -0.401796 -0.926583 -0.464474 0.23227 2.68575 -0.208021 -4.4383 -1.00691 -25.0587 
data/Vida_loca.wav 97.9592 0.176894 1.00951 0.000239916 -270.262 26.6576 2.46584 5.44135 1.68352 0.794172 1.76509 0.0979433 -1.47282 0.112147 -3.96107e-14 -0.112147 1.47282 -0.0979433 -1.76509 -0.794172 -1.68352 -5.44135 -2.46584 -26.6576 
data/Vida_loca.wav 99.7732 0.128498 0.85153 0.000280598 -272.413 31.0606 4.73648 4.52012 0.303791 0.804646 0.630456 0.514794 0.657078 0.774957 -4.29041e-14 -0.774957 -0.657078 -0.514794 -0.630456 -0.804646 -0.303791 -4.52012 -4.73648 -31.0606 
data/Vida_loca.wav 101.587 0.146076 0.893856 0.000251774 -273.341 28.4702 4.25827 7.14061 0.462528 -0.254159 0.4535 0.145275 -0.0752353 -0.166063 -4.20159e-14 0.166063 0.0752353 -0.145275 -0.4535 0.254159 -0.462528 -7.14061 -4.25827 -28.4702 
data/Vida_loca.wav 103.401 0.121631 0.896363 0.000340058 -267.574 33.4102 1.45704 3.21762 0.780889 1.31911 2.48458 1.46882 -0.436942 -0.948577 -4.00321e-14 0.948577 0.436942 -1.46882 -2.48458 -1.31911 -0.780889 -3.21762 -1.45704 -33.4102 
data/Vida_loca.wav 105.215 0.194153 1.03816 0.000254946 -273.482 21.5064 3.7891 10.8994 2.61445 2.5909 0.889886 -0.98774 -0.833763 0.451688 -4.27492e-14 -0.451688 0.833763 0.98774 -0.889886 -2.5909 -2.61445 -10.8994 -3.7891 -21.5064 
data/Vida_loca.wav 107.029 0.139562 0.750915 0.000333824 -263.952 31.1068 0.260361 7.86139 1.26723 0.640336 1.22641 0.141572 0.180966 -0.0682452 -3.79012e-14 0.0682452 -0.180966 -0.141572 -1.22641 -0.640336 -1.26723 -7.86139 -0.260361 -31.1068 
data/Vida_loca.wav 108.844 0.134935 0.955168 0.000375893 -262.296 33.1893 -0.772822 6.34616 1.85781 0.144559 -0.193474 -1.88854 -1.85752 -0.997026 -3.68712e-14 0.997026 1.85752 1.88854 0.193474 -0.144559 -1.85781 -6.34616 0.772822 -33.1893 
data/Vida_loca.wav 110.658 0.13674 0.866537 0.000333162 -261.773 32.7547 -2.9039 4.19617 0.746913 0.400277 0.978849 -1.20483 -2.46566 -1.72308 -3.66246e-14 1.72308 2.46566 1.20483 -0.978849 -0.400277 -0.746913 -4.19617 2.9039 -32.7547 
data/Vida_loca.wav 112.472 0.163251 0.916344 0.000298604 -263.639 28.0449 -2.26687 5.65669 0.0465091 1.70887 2.86217 1.50999 -0.514746 -0.786839 -3.83179e-14 0.786839 0.514746 -1.50999 -2.86217 -1.70887 -0.0465091 -5.65669 2.26687 -28.0449 
data/Vida_loca.wav 114.286 0.148862 0.875298 0.000331039 -262.442 32.4503 -1.80222 4.87955 0.475626 -0.984962 -1.27585 -2.0119 -2.54744 -1.62144 -3.71402e-14 1.62144 2.54744 2.0119 1.27585 0.984962 -0.475626 -4.87955 1.80222 -32.4503 
data/Vida_loca.wav 116.1 0.148625 0.881564 0.000371923 -259.386 32.1802 -2.0103 4.89147 -0.189629 1.90708 0.875701 -1.1222 -1.13847 -0.224291 -3.86152e-14 0.224291 1.13847 1.1222 -0.875701 -1.90708 0.189629 -4.89147 2.0103 -32.1802 
data/Vida_loca.wav 117.914 0.165411 0.844586 0.000392106 -255.43 28.3488 -5.54005 7.13135 1.3737 3.45186 2.61622 0.465929 -0.899983 -0.586025 -3.5826e-14 0.586025 0.899983 -0.465929 -2.61622 -3.45186 -1.3737 -7.13135 5.54005 -28.3488 
data/Vida_loca.wav 119.728 0.143041 1.00671 0.000381233 -257.496 33.4782 -4.80781 3.03108 -0.292797 0.677667 1.11929 -1.06277 -1.37163 0.0545433 -3.51471e-14 -0.0545433 1.37163 1.06277 -1.11929 -0.677667 0.292797 -3.03108 4.80781 -33.4782 
data/Vida_loca.wav 121.542 0.364012 0.527188 0.000148716 -293.212 11.1739 -2.711 2.17734 0.894515 1.44912 0.922103 -0.0350957 -0.39702 -0.111918 -4.54297e-14 0.111918 0.39702 0.0350957 -0.922103 -1.44912 -0.894515 -2.17734 2.711 -11.1739 
