data/OFortuna.wav 0 0.142386 0.577833 6.14195e-06 -311.137 4.94024 0.987817 -1.1147 -1.12352 -0.243223 0.291483 0.168882 -0.0839802 -0.119677 -5.17783e-14 0.119677 0.0839802 -0.168882 -0.291483 0.243223 1.12352 1.1147 -0.987817 -4.94024 
data/OFortuna.wav 1.21311 0.0600061 0.724378 9.49842e-05 -286.901 29.6488 11.2916 3.93767 3.09333 2.05727 0.836403 0.262359 -0.00669511 -0.00570086 -4.85399e-14 0.00570086 0.00669511 -0.262359 -0.836403 -2.05727 -3.09333 -3.93767 -11.2916 -29.6488 
data/OFortuna.wav 2.42624 0.122788 0.730878 0.000231608 -256.769 38.0853 -2.34423 -0.785705 -1.79501 -2.42146 -3.49614 -2.39168 -1.42473 -0.935005 -3.74029e-14 0.935005 1.42473 2.39168 3.49614 2.42146 1.79501 0.785705 2.34423 -38.0853 
data/OFortuna.wav 3.63937 0.116181 0.650474 0.000218551 -259.372 38.2762 -1.40438 -0.883154 -1.4572 -3.14967 -3.78119 -2.54744 -0.956587 0.0111574 -3.69666e-14 -0.0111574 0.956587 2.54744 3.78119 3.14967 1.4572 0.883154 1.40438 -38.2762 
data/OFortuna.wav 4.85249 0.10612 0.754067 0.000173504 -263.081 37.8302 -0.821164 -0.572273 0.520067 -1.26274 -2.4934 -1.77267 -0.0701587 0.0764093 -3.80216e-14 -0.0764093 0.0701587 1.77267 2.4934 1.26274 -0.520067 0.572273 0.821164 -37.8302 
data/OFortuna.wav 6.0656 0.119366 0.657108 0.000172733 -262.256 36.4873 -3.25665 -3.0433 -2.09244 -2.36965 -3.13289 -2.06122 -0.455169 -0.285462 -3.83522e-14 0.285462 0.455169 2.06122 3.13289 2.36965 2.09244 3.0433 3.25665 -36.4873 
data/OFortuna.wav 7.27873 0.0878119 0.62429 9.74894e-05 -277.531 32.8171 2.36787 -3.83104 -0.811868 -1.65249 -3.06173 -1.7095 -0.0481165 0.093231 -4.40747e-14 -0.093231 0.0481165 1.7095 3.06173 1.65249 0.811868 3.83104 -2.36787 -32.8171 
data/OFortuna.wav 8.49186 0.0695996 0.738724 7.86274e-05 -287.524 28.6161 10.0326 2.91411 2.61839 1.87988 0.242903 -0.787487 -0.810647 -0.365943 -4.88159e-14 0.365943 0.810647 0.787487 -0.242903 -1.87988 -2.61839 -2.91411 -10.0326 -28.6161 
data/OFortuna.wav 9.70499 0.121845 0.676428 0.000349816 -246.096 39.9137 -5.45924 -0.0390648 -1.29084 -0.710095 -3.40401 -3.26676 -2.64349 -0.99089 -3.46636e-14 0.99089 2.64349 3.26676 3.40401 0.710095 1.29084 0.0390648 5.45924 -39.9137 
data/OFortuna.wav 10.9181 0.117601 0.648198 0.00031046 -250.548 39.967 -3.43724 0.12463 -1.50488 -2.63283 -3.77844 -2.56999 -1.25203 -0.13901 -3.46171e-14 0.13901 1.25203 2.56999 3.77844 2.63283 1.50488 -0.12463 3.43724 -39.967 
data/OFortuna.wav 12.1312 0.0936786 0.753898 0.000277054 -255.771 42.8999 -0.688187 -0.098483 0.822221 -1.33891 -2.38947 -1.4759 -0.0039746 0.124165 -3.57487e-14 -0.124165 0.0039746 1.4759 2.38947 1.33891 -0.822221 0.098483 0.688187 -42.8999 
data/OFortuna.wav 13.3444 0.111804 0.688965 0.000250634 -254.628 40.034 -3.98512 -1.55253 -1.30226 -2.49085 -3.13687 -1.11993 0.109365 -0.0715953 -3.5188e-14 0.0715953 -0.109365 1.11993 3.13687 2.49085 1.30226 1.55253 3.98512 -40.034 
data/OFortuna.wav 14.5575 0.0843873 0.601649 0.000181063 -266.912 39.6121 1.04618 -4.15743 -0.748596 -1.87121 -3.04279 -1.67946 -0.0343549 0.109451 -4.04984e-14 -0.109451 0.0343549 1.67946 3.04279 1.87121 0.748596 4.15743 -1.04618 -39.6121 
data/OFortuna.wav 15.7706 0.066762 0.730475 0.000119707 -281.831 33.0339 10.0492 2.30009 2.13341 1.68234 0.380759 -0.345682 -0.36825 -0.128086 -4.74537e-14 0.128086 0.36825 0.345682 -0.380759 -1.68234 -2.13341 -2.30009 -10.0492 -33.0339 
data/OFortuna.wav 16.9837 0.114823 0.718104 0.000403339 -242.678 40.3789 -5.44987 -0.897749 -3.37569 -1.85182 -3.35233 -0.882752 0.0706183 0.482507 -3.41766e-14 -0.482507 -0.0706183 0.882752 3.35233 1.85182 3.37569 0.897749 5.44987 -40.3789 
data/OFortuna.wav 18.1968 0.110995 0.682553 0.00034761 -248.034 41.3662 -2.67879 -0.952801 -2.3357 -2.0965 -2.83253 -0.709873 -0.366982 0.0147641 -3.52266e-14 -0.0147641 0.366982 0.709873 2.83253 2.0965 2.3357 0.952801 2.67879 -41.3662 
data/OFortuna.wav 19.41 0.115448 0.658084 0.000317517 -248.541 40.3763 -3.46582 -0.897123 -1.46769 -0.977558 -3.36868 -1.51655 -0.146184 0.100565 -3.60493e-14 -0.100565 0.146184 1.51655 3.36868 0.977558 1.46769 0.897123 3.46582 -40.3763 
data/OFortuna.wav 20.6231 0.109215 0.661351 0.000279472 -253.067 40.7916 -2.51869 -1.18692 -0.42929 -1.11699 -2.95864 -1.97673 -1.02441 -0.377675 -3.61802e-14 0.377675 1.02441 1.97673 2.95864 1.11699 0.42929 1.18692 2.51869 -40.7916 
data/OFortuna.wav 21.8362 0.127848 0.628962 0.000263551 -251.704 38.1912 -2.74013 0.393379 -0.304215 0.408425 -2.66265 -2.70378 -1.75758 -0.546169 -3.72943e-14 0.546169 1.75758 2.70378 2.66265 -0.408425 0.304215 -0.393379 2.74013 -38.1912 
data/OFortuna.wav 23.0493 0.12174 0.54276 0.000294473 -250.888 39.7491 -2.05685 0.948676 0.574045 0.839579 -2.47076 -2.24262 -1.95343 -1.0924 -3.7156e-14 1.0924 1.95343 2.24262 2.47076 -0.839579 -0.574045 -0.948676 2.05685 -39.7491 
data/OFortuna.wav 24.2625 0.119186 0.603657 0.000252453 -254.444 39.1142 -1.74728 0.0887243 0.125132 0.512919 -3.06602 -2.47944 -1.77962 -0.928959 -3.84101e-14 0.928959 1.77962 2.47944 3.06602 -0.512919 -0.125132 -0.0887243 1.74728 -39.1142 
data/OFortuna.wav 25.4756 0.11131 0.581023 0.000217421 -260.861 39.0233 0.356243 0.266125 1.18086 0.445872 -2.15287 -2.16564 -1.09044 -0.416107 -3.91615e-14 0.416107 1.09044 2.16564 2.15287 -0.445872 -1.18086 -0.266125 -0.356243 -39.0233 
data/OFortuna.wav 26.6887 0.0726077 0.636119 2.69487e-05 -299.574 17.9373 7.63406 1.9205 1.07748 0.759342 -0.457246 -1.21859 -0.801851 -0.128654 -5.11988e-14 0.128654 0.801851 1.21859 0.457246 -0.759342 -1.07748 -1.9205 -7.63406 -17.9373 
data/OFortuna.wav 27.9018 0.0841923 0.81845 3.67108e-05 -295.277 22.3431 9.43338 2.1534 1.28073 1.75743 0.232267 -1.13516 -0.944945 -0.345755 -5.15678e-14 0.345755 0.944945 1.13516 -0.232267 -1.75743 -1.28073 -2.1534 -9.43338 -22.3431 
data/OFortuna.wav 29.115 0.117007 0.658732 5.28242e-05 -290.42 24.0653 7.97181 3.62813 4.27684 4.30213 0.603052 -1.39411 -0.753121 -0.172023 -4.98384e-14 0.172023 0.753121 1.39411 -0.603052 -4.30213 -4.27684 -3.62813 -7.97181 -24.0653 
data/OFortuna.wav 30.3281 0.0563176 0.754248 5.49472e-05 -292.77 25.9832 12.0874 3.00354 0.389482 -0.107538 -0.43411 -0.158157 0.343195 0.355876 -5.08955e-14 -0.355876 -0.343195 0.158157 0.43411 0.107538 -0.389482 -3.00354 -12.0874 -25.9832 
data/OFortuna.wav 31.5412 0.0883651 0.749499 5.98751e-05 -287.716 27.191 7.30919 1.7815 4.16862 3.61281 0.0871848 -1.5769 -1.04965 -0.489019 -4.86162e-14 0.489019 1.04965 1.5769 -0.0871848 -3.61281 -4.16862 -1.7815 -7.30919 -27.191 
data/OFortuna.wav 32.7543 0.0596299 0.780346 4.97917e-05 -295.835 23.0092 11.977 5.10765 3.31869 2.58281 1.19257 0.211556 0.0363658 0.04686 -5.12702e-14 -0.04686 -0.0363658 -0.211556 -1.19257 -2.58281 -3.31869 -5.10765 -11.977 -23.0092 
data/OFortuna.wav 33.9675 0.0665245 0.711004 7.23211e-05 -285.127 30.9531 9.01277 0.400414 1.68353 0.975597 -1.36121 -0.998996 0.250464 0.231708 -4.85721e-14 -0.231708 -0.250464 0.998996 1.36121 -0.975597 -1.68353 -0.400414 -9.01277 -30.9531 
data/OFortuna.wav 35.1806 0.0933138 0.7706 8.33094e-05 -281.778 31.8942 6.99907 -0.178688 1.73842 0.758533 -2.16043 -2.01563 -0.756294 -0.530061 -4.73141e-14 0.530061 0.756294 2.01563 2.16043 -0.758533 -1.73842 0.178688 -6.99907 -31.8942 
data/OFortuna.wav 36.3937 0.0772114 0.695354 7.3559e-05 -283.479 30.7294 6.30716 -0.0853482 3.56099 1.87322 -1.69867 -0.909396 0.449121 -0.0962079 -4.69229e-14 0.0962079 -0.449121 0.909396 1.69867 -1.87322 -3.56099 0.0853482 -6.30716 -30.7294 
data/OFortuna.wav 37.6068 0.089821 0.764245 5.57692e-05 -291.885 25.0608 9.95 4.24702 5.00076 3.78543 0.061003 -1.47151 -0.838803 -0.343648 -5.01918e-14 0.343648 0.838803 1.47151 -0.061003 -3.78543 -5.00076 -4.24702 -9.95 -25.0608 
data/OFortuna.wav 38.82 0.0528198 0.7263 5.3731e-05 -291.908 26.961 12.3144 2.40252 -0.26309 0.103503 0.49473 0.234479 -0.567522 -0.888721 -5.15256e-14 0.888721 0.567522 -0.234479 -0.49473 -0.103503 0.26309 -2.40252 -12.3144 -26.961 
data/OFortuna.wav 40.0331 0.060815 0.745744 5.07626e-05 -293.714 25.2194 12.5107 3.75746 0.380899 -0.628786 -0.839036 -0.263665 0.476683 0.541726 -5.08588e-14 -0.541726 -0.476683 0.263665 0.839036 0.628786 -0.380899 -3.75746 -12.5107 -25.2194 
data/OFortuna.wav 41.2462 0.0666034 0.751886 5.82885e-05 -288.622 28.3598 9.47487 0.388507 0.801795 1.74734 0.342563 -1.06184 -1.31222 -0.877001 -5.05027e-14 0.877001 1.31222 1.06184 -0.342563 -1.74734 -0.801795 -0.388507 -9.47487 -28.3598 
data/OFortuna.wav 42.4593 0.0643935 0.674843 5.72379e-05 -290.456 27.4421 11.0706 1.78812 -0.155264 -0.706095 -1.4815 -1.24503 -0.379032 0.0198822 -5.03828e-14 -0.0198822 0.379032 1.24503 1.4815 0.706095 0.155264 -1.78812 -11.0706 -27.4421 
data/OFortuna.wav 43.6724 0.0546293 0.735008 5.32472e-05 -292.185 26.0335 11.2091 2.71323 1.376 1.40603 0.753965 0.117828 -0.501071 -0.7393 -5.10023e-14 0.7393 0.501071 -0.117828 -0.753965 -1.40603 -1.376 -2.71323 -11.2091 -26.0335 
data/OFortuna.wav 44.8856 0.0794807 0.709773 6.43554e-05 -286.009 28.6499 6.54569 0.862609 4.68361 3.42601 -0.87703 -1.7193 -0.856666 -0.698269 -4.80156e-14 0.698269 0.856666 1.7193 0.87703 -3.42601 -4.68361 -0.862609 -6.54569 -28.6499 
data/OFortuna.wav 46.0987 0.0725112 0.785717 9.0544e-05 -281.085 33.4217 7.38589 -1.74833 -1.03162 -2.7732 -3.96658 -1.2478 1.19875 0.960698 -4.62806e-14 -0.960698 -1.19875 1.2478 3.96658 2.7732 1.03162 1.74833 -7.38589 -33.4217 
data/OFortuna.wav 47.3118 0.0746754 0.723386 6.84866e-05 -283.967 30.8668 6.85206 -1.00256 1.81953 1.14798 -1.76342 -1.63368 -0.634263 -0.634947 -4.80518e-14 0.634947 0.634263 1.63368 1.76342 -1.14798 -1.81953 1.00256 -6.85206 -30.8668 
data/OFortuna.wav 48.525 0.0609925 0.74772 6.35076e-05 -289.66 27.9859 10.5078 1.39705 1.29851 2.20848 1.1821 0.0446417 -0.367433 -0.375142 -5.06772e-14 0.375142 0.367433 -0.0446417 -1.1821 -2.20848 -1.29851 -1.39705 -10.5078 -27.9859 
data/OFortuna.wav 49.7381 0.0891371 0.725313 8.04416e-05 -282.171 32.1373 7.90097 -0.940627 -0.455977 -0.134512 -1.6209 -1.40065 -0.261817 -0.099936 -4.81964e-14 0.099936 0.261817 1.40065 1.6209 0.134512 0.455977 0.940627 -7.90097 -32.1373 
data/OFortuna.wav 50.9512 0.0474961 0.788749 5.50682e-05 -293.079 26.0346 12.6758 3.44579 0.774047 0.630221 0.246338 -0.273232 -0.45545 -0.329588 -5.15249e-14 0.329588 0.45545 0.273232 -0.246338 -0.630221 -0.774047 -3.44579 -12.6758 -26.0346 
data/OFortuna.wav 52.1643 0.0901245 0.683906 8.52724e-05 -279.977 33.1603 6.68944 -2.02221 -0.811761 -0.124818 -1.73724 -1.13868 0.241553 0.0725997 -4.7599e-14 -0.0725997 -0.241553 1.13868 1.73724 0.124818 0.811761 2.02221 -6.68944 -33.1603 
data/OFortuna.wav 53.3775 0.388104 0.439207 2.6216e-06 -314.167 2.4829 1.5263 0.664464 0.183581 -0.0259587 -0.134008 -0.189525 -0.181176 -0.110139 -5.20852e-14 0.110139 0.181176 0.189525 0.134008 0.0259587 -0.183581 -0.664464 -1.5263 -2.4829 
