data/PF.wav 0 0.146764 0.507632 4.91005e-05 -302.44 15.437 6.98295 0.837009 -0.538353 0.276731 0.35564 -0.571973 -1.25998 -0.984059 -5.23809e-14 0.984059 1.25998 0.571973 -0.35564 -0.276731 0.538353 -0.837009 -6.98295 -15.437 
data/PF.wav 1.66667 0.0565231 0.809072 6.8197e-05 -299.689 18.9836 9.66153 2.4431 0.059867 0.127297 -0.23283 -1.42285 -2.22267 -1.67975 -5.26405e-14 1.67975 2.22267 1.42285 0.23283 -0.127297 -0.059867 -2.4431 -9.66153 -18.9836 
data/PF.wav 3.33333 0.0543718 0.78385 7.85998e-05 -297.26 21.4515 10.1204 1.54278 -0.824254 -0.0722553 -0.0312848 -1.2381 -2.11216 -1.597 -5.26316e-14 1.597 2.11216 1.2381 0.0312848 0.0722553 0.824254 -1.54278 -10.1204 -21.4515 
data/PF.wav 5 0.0571299 0.627633 6.73101e-05 -298.648 20.069 10.005 2.38689 0.0536474 0.17439 -0.31476 -1.49562 -2.02492 -1.37262 -5.25086e-14 1.37262 2.02492 1.49562 0.31476 -0.17439 -0.0536474 -2.38689 -10.005 -20.069 
data/PF.wav 6.66667 0.0652619 0.843854 7.59164e-05 -295.525 22.1439 7.94343 -1.356 -2.68078 -0.92942 -0.132051 -0.481675 -0.862223 -0.67927 -5.1776e-14 0.67927 0.862223 0.481675 0.132051 0.92942 2.68078 1.356 -7.94343 -22.1439 
data/PF.wav 8.33333 0.0545175 0.793318 9.65959e-05 -294.362 24.2198 10.1948 -0.529958 -4.1042 -3.6402 -2.5173 -1.66328 -1.01959 -0.499948 -5.18265e-14 0.499948 1.01959 1.66328 2.5173 3.6402 4.1042 0.529958 -10.1948 -24.2198 
data/PF.wav 10 0.0624103 0.829454 8.66113e-05 -293.848 23.9179 8.68341 -1.13369 -2.69159 -1.32529 -0.752659 -0.98722 -1.27024 -1.00642 -5.16991e-14 1.00642 1.27024 0.98722 0.752659 1.32529 2.69159 1.13369 -8.68341 -23.9179 
data/PF.wav 11.6667 0.05935 0.82501 9.06988e-05 -294.745 23.788 10.3625 0.773735 -1.92747 -1.58868 -1.31715 -1.19445 -0.78609 -0.318244 -5.16765e-14 0.318244 0.78609 1.19445 1.31715 1.58868 1.92747 -0.773735 -10.3625 -23.788 
data/PF.wav 13.3333 0.0611833 0.55855 0.000133847 -289.485 28.6055 10.0083 -2.92029 -5.69496 -3.48505 -1.3823 -0.643509 -0.576485 -0.419444 -5.14804e-14 0.419444 0.576485 0.643509 1.3823 3.48505 5.69496 2.92029 -10.0083 -28.6055 
data/PF.wav 15 0.0558645 0.954482 8.87852e-05 -295.505 22.9706 9.93923 0.391392 -2.47435 -2.06288 -1.51233 -1.3752 -1.28104 -0.857842 -5.19357e-14 0.857842 1.28104 1.3752 1.51233 2.06288 2.47435 -0.391392 -9.93923 -22.9706 
data/PF.wav 16.6667 0.0800313 0.668428 0.000151391 -285.289 29.233 6.78859 -1.86212 -3.2288 -3.58623 -2.22072 -0.749416 -0.411118 -0.332318 -4.72173e-14 0.332318 0.411118 0.749416 2.22072 3.58623 3.2288 1.86212 -6.78859 -29.233 
data/PF.wav 18.3333 0.0936338 0.827758 0.000105836 -288.652 25.5813 5.24095 -1.44088 -1.33176 -1.67625 -1.5416 -1.0385 -0.749613 -0.383953 -4.7532e-14 0.383953 0.749613 1.0385 1.5416 1.67625 1.33176 1.44088 -5.24095 -25.5813 
data/PF.wav 20 0.0658188 0.639943 0.000157935 -287.75 29.4434 8.81021 -3.67151 -5.46685 -3.65345 -1.95471 -0.744976 -0.417115 -0.469361 -5.05983e-14 0.469361 0.417115 0.744976 1.95471 3.65345 5.46685 3.67151 -8.81021 -29.4434 
data/PF.wav 21.6667 0.0610123 0.8152 9.36309e-05 -293.556 24.1006 8.88939 -0.482494 -2.46736 -2.35406 -2.23277 -1.74798 -1.2515 -0.804126 -5.11114e-14 0.804126 1.2515 1.74798 2.23277 2.35406 2.46736 0.482494 -8.88939 -24.1006 
data/PF.wav 23.3333 0.0457214 0.891826 0.000208298 -288.861 28.9784 11.2083 1.93015 1.39592 1.38033 0.000532877 -0.596507 -0.507752 -0.40309 -5.04319e-14 0.40309 0.507752 0.596507 -0.000532877 -1.38033 -1.39592 -1.93015 -11.2083 -28.9784 
data/PF.wav 25 0.0332845 0.94778 0.000253102 -290.03 29.0396 13.6694 4.51897 3.49223 3.97046 2.49977 0.479515 -0.573469 -0.586008 -5.14278e-14 0.586008 0.573469 -0.479515 -2.49977 -3.97046 -3.49223 -4.51897 -13.6694 -29.0396 
data/PF.wav 26.6667 0.0382419 0.896334 0.000292005 -288.024 30.5825 13.0989 3.18409 2.29605 2.90725 1.83972 0.572151 -0.00219195 -0.127 -5.07863e-14 0.127 0.00219195 -0.572151 -1.83972 -2.90725 -2.29605 -3.18409 -13.0989 -30.5825 
data/PF.wav 28.3333 0.0360103 0.9653 0.000288186 -287.649 31.5945 14.4115 3.26634 0.543237 0.640782 0.665897 0.662745 0.450605 0.091043 -5.08101e-14 -0.091043 -0.450605 -0.662745 -0.665897 -0.640782 -0.543237 -3.26634 -14.4115 -31.5945 
data/PF.wav 30 0.0362018 0.891638 0.000258583 -287.386 31.0318 12.7762 2.59337 1.78543 2.30349 1.15211 0.110803 -0.188407 -0.201258 -5.06792e-14 0.201258 0.188407 -0.110803 -1.15211 -2.30349 -1.78543 -2.59337 -12.7762 -31.0318 
data/PF.wav 31.6667 0.0329236 0.948235 0.000271315 -288.731 30.2088 13.7506 4.30148 3.47949 3.83368 1.99963 -0.119738 -1.00523 -0.803862 -5.13413e-14 0.803862 1.00523 0.119738 -1.99963 -3.83368 -3.47949 -4.30148 -13.7506 -30.2088 
data/PF.wav 33.3333 0.0401699 0.933448 0.000293577 -287.601 30.7431 12.4584 2.27633 1.78578 2.76712 1.67755 0.372331 -0.00468722 0.00724488 -5.07405e-14 -0.00724488 0.00468722 -0.372331 -1.67755 -2.76712 -1.78578 -2.27633 -12.4584 -30.7431 
data/PF.wav 35 0.0334183 0.998771 0.000265568 -289.312 29.8681 14.4064 5.24665 3.40069 2.70189 1.09719 -0.177071 -0.775625 -0.738383 -5.10516e-14 0.738383 0.775625 0.177071 -1.09719 -2.70189 -3.40069 -5.24665 -14.4064 -29.8681 
data/PF.wav 36.6667 0.0413276 0.914368 0.000268602 -285.681 32.3067 12.6699 2.50335 1.66597 1.55901 0.186075 -0.524229 -0.547186 -0.427009 -5.00902e-14 0.427009 0.547186 0.524229 -0.186075 -1.55901 -1.66597 -2.50335 -12.6699 -32.3067 
data/PF.wav 38.3333 0.0448097 1.00387 0.000286127 -287.188 31.4618 13.56 3.55363 2.8022 3.51586 2.03897 -0.0575856 -1.08427 -0.897782 -5.11102e-14 0.897782 1.08427 0.0575856 -2.03897 -3.51586 -2.8022 -3.55363 -13.56 -31.4618 
data/PF.wav 40 0.0472544 0.974943 0.000299908 -286.203 31.9391 12.5302 1.96204 1.23506 1.91428 0.834654 -0.100066 -0.019658 0.181392 -5.03269e-14 -0.181392 0.019658 0.100066 -0.834654 -1.91428 -1.23506 -1.96204 -12.5302 -31.9391 
data/PF.wav 41.6667 0.0440226 0.928631 0.000283612 -285.847 33.0998 14.3159 2.53451 -0.359421 -0.350104 -0.196882 0.0592848 0.0878292 -0.0793345 -5.05115e-14 0.0793345 -0.0878292 -0.0592848 0.196882 0.350104 0.359421 -2.53451 -14.3159 -33.0998 
data/PF.wav 43.3333 0.0464118 0.865514 0.000275873 -284.829 33.3762 13.0991 1.98042 0.747184 0.890214 -0.242172 -0.742586 -0.319166 0.00650238 -5.0156e-14 -0.00650238 0.319166 0.742586 0.242172 -0.890214 -0.747184 -1.98042 -13.0991 -33.3762 
data/PF.wav 45 0.038135 1.05248 0.00031713 -285.65 33.379 14.7674 3.68414 1.76508 1.8104 0.458933 -1.08477 -1.62741 -1.13861 -5.11371e-14 1.13861 1.62741 1.08477 -0.458933 -1.8104 -1.76508 -3.68414 -14.7674 -33.379 
data/PF.wav 46.6667 0.048051 0.964306 0.000306661 -284.388 33.6398 12.6542 1.3079 0.641926 1.3877 0.172518 -0.757435 -0.476636 -0.0447419 -5.02873e-14 0.0447419 0.476636 0.757435 -0.172518 -1.3877 -0.641926 -1.3079 -12.6542 -33.6398 
data/PF.wav 48.3333 0.0432475 0.982558 0.000274905 -286.246 32.7206 14.6715 3.98162 1.60315 1.00045 -0.0708697 -0.708261 -0.796755 -0.57192 -5.0617e-14 0.57192 0.796755 0.708261 0.0708697 -1.00045 -1.60315 -3.98162 -14.6715 -32.7206 
data/PF.wav 50 0.0799776 1.07604 0.00020349 -285.463 29.8718 9.52697 0.670083 -2.44329 -2.80898 -1.61364 -0.951712 -0.81641 -0.542619 -4.82647e-14 0.542619 0.81641 0.951712 1.61364 2.80898 2.44329 -0.670083 -9.52697 -29.8718 
data/PF.wav 51.6667 0.0920298 0.845764 0.000140072 -288.052 27.0116 8.44582 0.451956 -3.50294 -4.92221 -3.71602 -2.19002 -1.32039 -0.764765 -4.82441e-14 0.764765 1.32039 2.19002 3.71602 4.92221 3.50294 -0.451956 -8.44582 -27.0116 
data/PF.wav 53.3333 0.0983684 0.838425 0.000174467 -283.199 30.5384 7.79905 -0.700358 -4.15647 -5.11604 -3.27468 -1.18391 -0.195497 -0.0788276 -4.66957e-14 0.0788276 0.195497 1.18391 3.27468 5.11604 4.15647 0.700358 -7.79905 -30.5384 
data/PF.wav 55 0.101665 1.10871 0.0001529 -286.888 28.1496 9.09636 1.39758 -2.33638 -3.95748 -2.96546 -1.57129 -0.814615 -0.433264 -4.7765e-14 0.433264 0.814615 1.57129 2.96546 3.95748 2.33638 -1.39758 -9.09636 -28.1496 
data/PF.wav 56.6667 0.0522261 0.495755 0.000132211 -292.438 26.3803 10.4029 -3.1456 -8.26994 -6.72415 -3.24638 -1.00235 -0.420845 -0.358024 -5.19894e-14 0.358024 0.420845 1.00235 3.24638 6.72415 8.26994 3.1456 -10.4029 -26.3803 
data/PF.wav 58.3333 0.0927246 1.09123 0.000120688 -288.872 26.479 8.65144 1.05713 -2.30057 -3.52936 -2.84957 -2.05233 -1.62066 -1.08293 -4.86934e-14 1.08293 1.62066 2.05233 2.84957 3.52936 2.30057 -1.05713 -8.65144 -26.479 
data/PF.wav 60 0.0842473 0.838441 0.000187485 -285.131 29.8751 8.44225 -1.70861 -5.76127 -6.04181 -3.78243 -1.90294 -1.16449 -0.736387 -4.82638e-14 0.736387 1.16449 1.90294 3.78243 6.04181 5.76127 1.70861 -8.44225 -29.8751 
data/PF.wav 61.6667 0.0985503 1.07479 0.000150604 -283.609 29.5074 5.89555 -1.9893 -2.98043 -2.39263 -1.71449 -2.16305 -2.49038 -1.68103 -4.76296e-14 1.68103 2.49038 2.16305 1.71449 2.39263 2.98043 1.9893 -5.89555 -29.5074 
data/PF.wav 63.3333 0.088441 1.02628 0.000201528 -281.613 32.9751 8.01924 -3.29415 -5.26913 -3.28935 -1.17705 -1.35438 -2.3426 -1.96702 -4.88553e-14 1.96702 2.3426 1.35438 1.17705 3.28935 5.26913 3.29415 -8.01924 -32.9751 
data/PF.wav 65 0.058813 0.762204 8.32673e-05 -295.419 22.4932 7.49657 -4.34692 -7.20318 -3.80766 -0.104485 0.764222 -0.255469 -0.778089 -5.23383e-14 0.778089 0.255469 -0.764222 0.104485 3.80766 7.20318 4.34692 -7.49657 -22.4932 
data/PF.wav 66.6667 0.0607375 0.782994 0.000156825 -287.741 29.486 8.89388 -3.13316 -4.13377 -2.71933 -2.96485 -2.99543 -1.79113 -0.557745 -5.0954e-14 0.557745 1.79113 2.99543 2.96485 2.71933 4.13377 3.13316 -8.89388 -29.486 
data/PF.wav 68.3333 0.0540471 0.81372 0.0001497 -290.074 28.3957 11.6051 0.797508 -1.55946 -1.53251 -2.45131 -3.40568 -3.30144 -2.03954 -5.19221e-14 2.03954 3.30144 3.40568 2.45131 1.53251 1.55946 -0.797508 -11.6051 -28.3957 
data/PF.wav 70 0.0612568 0.795805 0.000157942 -288.01 28.4054 7.17465 -3.86711 -3.55203 -2.23276 -3.39807 -3.8504 -2.48808 -0.93821 -5.07279e-14 0.93821 2.48808 3.8504 3.39807 2.23276 3.55203 3.86711 -7.17465 -28.4054 
data/PF.wav 71.6667 0.0574362 0.914141 0.000101914 -296.021 21.5128 6.53858 -4.86368 -7.7508 -5.71145 -3.72365 -3.0165 -2.43067 -1.34187 -5.24672e-14 1.34187 2.43067 3.0165 3.72365 5.71145 7.7508 4.86368 -6.53858 -21.5128 
data/PF.wav 73.3333 0.0403547 0.86925 0.00014568 -290.992 29.1939 14.4226 1.09593 -4.4908 -3.36179 -0.582167 0.332889 -0.374959 -0.736852 -5.24296e-14 0.736852 0.374959 -0.332889 0.582167 3.36179 4.4908 -1.09593 -14.4226 -29.1939 
data/PF.wav 75 0.0467169 0.988464 0.000480182 -283.582 33.6337 13.9885 4.15943 0.26074 -0.792405 -0.151526 0.792504 1.31832 1.06416 -4.82487e-14 -1.06416 -1.31832 -0.792504 0.151526 0.792405 -0.26074 -4.15943 -13.9885 -33.6337 
data/PF.wav 76.6667 0.0573062 0.967734 0.000535159 -283.432 31.587 11.4288 4.81593 3.70368 3.10644 1.87689 1.91343 2.29636 1.48424 -4.74708e-14 -1.48424 -2.29636 -1.91343 -1.87689 -3.10644 -3.70368 -4.81593 -11.4288 -31.587 
data/PF.wav 78.3333 0.0644154 1.02841 0.000440253 -279.445 35.4217 11.0421 2.18176 0.721583 -0.0276478 -0.0449113 0.997568 1.89608 1.5188 -4.63235e-14 -1.5188 -1.89608 -0.997568 0.0449113 0.0276478 -0.721583 -2.18176 -11.0421 -35.4217 
data/PF.wav 80 0.072321 0.922328 0.000458181 -279.944 32.8118 10.6051 5.40316 3.00687 1.77219 0.569744 0.90041 2.3709 1.79368 -4.59933e-14 -1.79368 -2.3709 -0.90041 -0.569744 -1.77219 -3.00687 -5.40316 -10.6051 -32.8118 
data/PF.wav 81.6667 0.0301792 1.02077 0.000519075 -287.388 33.2307 17.3989 4.92591 -0.0662251 -0.398661 0.898436 2.4739 3.2261 2.29787 -5.04693e-14 -2.29787 -3.2261 -2.4739 -0.898436 0.398661 0.0662251 -4.92591 -17.3989 -33.2307 
data/PF.wav 83.3333 0.0511335 0.974107 0.000516856 -285.414 31.1651 12.5197 5.36002 4.07811 3.0017 2.44983 2.70622 2.40471 1.33921 -4.76551e-14 -1.33921 -2.40471 -2.70622 -2.44983 -3.0017 -4.07811 -5.36002 -12.5197 -31.1651 
data/PF.wav 85 0.0617425 1.04899 0.00041215 -280.522 34.9646 11.0954 2.04105 1.53368 0.850341 0.522787 1.52475 1.75708 1.13155 -4.67459e-14 -1.13155 -1.75708 -1.52475 -0.522787 -0.850341 -1.53368 -2.04105 -11.0954 -34.9646 
data/PF.wav 86.6667 0.0710894 1.01268 0.000502153 -279.293 32.6314 8.01672 3.8954 4.77684 3.86703 2.43209 2.25422 2.44907 1.51826 -4.46131e-14 -1.51826 -2.44907 -2.25422 -2.43209 -3.86703 -4.77684 -3.8954 -8.01672 -32.6314 
data/PF.wav 88.3333 0.0813138 1.07983 0.000538489 -274.698 35.073 5.55903 1.9849 4.42487 2.79349 0.278763 0.557966 1.94317 1.577 -4.27342e-14 -1.577 -1.94317 -0.557966 -0.278763 -2.79349 -4.42487 -1.9849 -5.55903 -35.073 
data/PF.wav 90 0.0263265 0.890883 0.000481731 -291.901 28.3281 16.1054 7.46604 4.64905 3.99582 3.36703 3.28774 3.56179 2.61873 -5.04049e-14 -2.61873 -3.56179 -3.28774 -3.36703 -3.99582 -4.64905 -7.46604 -16.1054 -28.3281 
data/PF.wav 91.6667 0.0612489 1.05289 0.000473185 -281.424 33.9134 12.699 4.93939 1.61215 0.107832 0.556315 1.78488 2.41375 1.52069 -4.65962e-14 -1.52069 -2.41375 -1.78488 -0.556315 -0.107832 -1.61215 -4.93939 -12.699 -33.9134 
data/PF.wav 93.3333 0.0599923 0.905245 0.000502005 -282.435 32.3577 11.2944 5.41855 3.94537 1.838 1.19342 1.8055 2.02051 1.18156 -4.59318e-14 -1.18156 -2.02051 -1.8055 -1.19342 -1.838 -3.94537 -5.41855 -11.2944 -32.3577 
data/PF.wav 95 0.0706664 1.11709 0.000441523 -278.507 34.6317 9.20093 3.00292 3.02487 1.17304 0.279029 1.03803 1.05455 0.409513 -4.49131e-14 -0.409513 -1.05455 -1.03803 -0.279029 -1.17304 -3.02487 -3.00292 -9.20093 -34.6317 
data/PF.wav 96.6667 0.0669012 0.970197 0.000523526 -283.357 32.0175 12.7816 6.08808 2.99668 1.99358 1.70645 1.88089 2.40501 1.37255 -4.75486e-14 -1.37255 -2.40501 -1.88089 -1.70645 -1.99358 -2.99668 -6.08808 -12.7816 -32.0175 
data/PF.wav 98.3333 0.0327826 0.900498 0.000243841 -291.603 27.9307 14.2117 5.02912 3.03142 3.46354 2.72368 1.01655 -0.269802 -0.513211 -5.17153e-14 0.513211 0.269802 -1.01655 -2.72368 -3.46354 -3.03142 -5.02912 -14.2117 -27.9307 
data/PF.wav 100 0.0345826 1.03551 0.000269268 -289.13 30.293 14.3738 4.01274 2.44848 3.72541 2.92821 0.335513 -1.5764 -1.51158 -5.21558e-14 1.51158 1.5764 -0.335513 -2.92821 -3.72541 -2.44848 -4.01274 -14.3738 -30.293 
data/PF.wav 101.667 0.0281288 0.827477 0.000270789 -294.697 25.2529 14.6066 6.89398 4.59677 4.37438 3.19464 1.15489 -0.326771 -0.583701 -5.2051e-14 0.583701 0.326771 -1.15489 -3.19464 -4.37438 -4.59677 -6.89398 -14.6066 -25.2529 
data/PF.wav 103.333 0.0464676 1.05508 0.000315473 -283.797 33.6725 12.5821 2.46239 2.10257 2.94637 2.08494 0.103252 -1.48299 -1.39896 -4.99369e-14 1.39896 1.48299 -0.103252 -2.08494 -2.94637 -2.10257 -2.46239 -12.5821 -33.6725 
data/PF.wav 105 0.03849 0.969507 0.000244315 -292.268 26.9734 13.799 5.92059 4.78157 4.84288 3.20497 1.02473 -0.246225 -0.423637 -5.14416e-14 0.423637 0.246225 -1.02473 -3.20497 -4.84288 -4.78157 -5.92059 -13.799 -26.9734 
data/PF.wav 106.667 0.0268589 0.974005 0.000266806 -295.185 24.9579 14.9617 7.38366 4.79054 4.52407 3.75582 2.08524 0.528289 -0.128033 -5.18907e-14 0.128033 -0.528289 -2.08524 -3.75582 -4.52407 -4.79054 -7.38366 -14.9617 -24.9579 
data/PF.wav 108.333 0.0335698 0.918459 0.000278881 -291.503 27.5809 13.7485 5.53093 3.94195 3.89384 2.89026 1.24748 -0.121708 -0.514559 -5.11168e-14 0.514559 0.121708 -1.24748 -2.89026 -3.89384 -3.94195 -5.53093 -13.7485 -27.5809 
data/PF.wav 110 0.0344875 0.917124 0.00025153 -293.077 26.5912 14.4158 6.18982 4.03392 3.81062 2.56556 0.661907 -0.577321 -0.656454 -5.17894e-14 0.656454 0.577321 -0.661907 -2.56556 -3.81062 -4.03392 -6.18982 -14.4158 -26.5912 
data/PF.wav 111.667 0.0377647 0.815028 0.000251925 -290.941 28.0874 13.7804 5.39979 3.79933 3.64332 2.58548 0.9582 -0.436698 -0.764881 -5.10856e-14 0.764881 0.436698 -0.9582 -2.58548 -3.64332 -3.79933 -5.39979 -13.7804 -28.0874 
data/PF.wav 113.333 0.0297609 1.06415 0.000282261 -296.225 24.3315 15.9337 9.05809 5.8552 4.57459 3.24677 1.56605 0.216105 -0.253983 -5.19767e-14 0.253983 -0.216105 -1.56605 -3.24677 -4.57459 -5.8552 -9.05809 -15.9337 -24.3315 
data/PF.wav 115 0.0336677 0.871297 0.000276438 -290.431 28.2406 12.9567 4.35482 3.17313 3.312 2.6821 1.84736 0.776315 -0.0434765 -5.06006e-14 0.0434765 -0.776315 -1.84736 -2.6821 -3.312 -3.17313 -4.35482 -12.9567 -28.2406 
data/PF.wav 116.667 0.0387469 0.870447 0.000244511 -287.852 30.5592 12.8074 2.92041 1.77759 2.01489 1.2857 0.833258 0.58599 0.201782 -5.03193e-14 -0.201782 -0.58599 -0.833258 -1.2857 -2.01489 -1.77759 -2.92041 -12.8074 -30.5592 
data/PF.wav 118.333 0.0344433 0.838766 0.000270105 -288.747 30.32 13.8037 3.5468 1.81271 2.43756 2.10102 1.44116 0.97892 0.503359 -5.08129e-14 -0.503359 -0.97892 -1.44116 -2.10102 -2.43756 -1.81271 -3.5468 -13.8037 -30.32 
data/PF.wav 120 0.0419099 0.957647 0.000281398 -287.978 30.5655 12.7755 2.27705 1.06385 2.41825 2.70239 1.98185 0.833359 0.0264707 -5.06998e-14 -0.0264707 -0.833359 -1.98185 -2.70239 -2.41825 -1.06385 -2.27705 -12.7755 -30.5655 
data/PF.wav 121.667 0.0397314 0.866633 0.000268026 -289.564 29.4338 13.7474 4.2581 2.31195 2.18004 1.55219 0.964616 0.462799 0.0620897 -5.07169e-14 -0.0620897 -0.462799 -0.964616 -1.55219 -2.18004 -2.31195 -4.2581 -13.7474 -29.4338 
data/PF.wav 123.333 0.0499235 0.89045 0.000240445 -286.583 30.8429 11.254 2.16567 2.66227 2.91048 1.29668 0.462848 0.217178 -0.0851503 -4.97343e-14 0.0851503 -0.217178 -0.462848 -1.29668 -2.91048 -2.66227 -2.16567 -11.254 -30.8429 
data/PF.wav 125 0.0493542 0.858304 0.000267647 -287.126 30.5625 11.379 1.81015 2.11291 3.0713 2.09 1.34311 1.09892 0.618798 -4.98873e-14 -0.618798 -1.09892 -1.34311 -2.09 -3.0713 -2.11291 -1.81015 -11.379 -30.5625 
data/PF.wav 126.667 0.0518136 0.949422 0.000287524 -285.589 31.8453 11.3976 1.54244 1.76573 2.48162 1.61671 0.971638 0.323072 -0.256994 -4.97482e-14 0.256994 -0.323072 -0.971638 -1.61671 -2.48162 -1.76573 -1.54244 -11.3976 -31.8453 
data/PF.wav 128.333 0.0656873 0.866741 0.000133959 -290.625 26.1648 8.06097 -0.930174 -0.754374 0.131145 -0.450963 -0.73649 -0.65176 -0.502588 -5.03163e-14 0.502588 0.65176 0.73649 0.450963 -0.131145 0.754374 0.930174 -8.06097 -26.1648 
data/PF.wav 130 0.0722831 0.84732 8.01396e-05 -294.655 21.7297 6.03247 -1.26848 -0.260009 0.888616 -0.0436191 -0.971487 -1.26868 -0.999209 -5.08367e-14 0.999209 1.26868 0.971487 0.0436191 -0.888616 0.260009 1.26848 -6.03247 -21.7297 
data/PF.wav 131.667 0.0680255 0.734206 7.73467e-05 -295.87 21.5488 7.90973 0.363004 0.26176 1.24254 0.347924 -0.850921 -1.08697 -0.64586 -5.1442e-14 0.64586 1.08697 0.850921 -0.347924 -1.24254 -0.26176 -0.363004 -7.90973 -21.5488 
data/PF.wav 135 0.493007 0.710641 1.5127e-07 -316.227 0.000132999 0.000115297 8.48893e-05 5.12519e-05 2.08554e-05 -2.65382e-07 7.7579e-07 -4.53241e-06 -4.17271e-06 -5.20571e-14 4.17271e-06 4.53241e-06 -7.7579e-07 2.65382e-07 -2.08554e-05 -5.12519e-05 -8.48893e-05 -0.000115297 -0.000132999 
