0.0263265 0.493007
1.1678e-05 0.0158489
1.25056e-05 0.0103267
1.40619e-05 0.0144304
1.36518e-05 0.0105667
1.56833e-05 0.011898
1.59284e-05 0.0133653
1.65689e-05 0.0142389
1.63711e-05 0.0184683
1.85185e-05 0.00914929
2.07996e-05 0.0124406
2.09129e-05 0.00880237
2.24524e-05 0.0114552
0.495755 1.11709
17.7666 634.029
-316.228 -269.762
8.87215e-05 29.5565
7.74047e-05 17.2806
-4.36238 9.62171
-8.57407 6.03626
-7.04545 4.73797
-3.85684 3.81218
-3.92076 3.86945
-3.41043 3.75962
-2.1625 2.55147
-5.26469e-14 -4.58754e-14
-2.55147 2.1625
-3.75962 3.41043
-3.86945 3.92076
-3.81218 3.85684
-4.73797 7.04545
-6.03626 8.57407
-9.62171 4.36238
-17.2806 -7.74047e-05
-29.5565 -8.87215e-05
7.43756e-08 0.00053294
0 0.0134766
0 0.0134766
