data/PF.wav 0 0.258073 0.0339645 0.0375518 0.122507 0.0724561 0.121602 0.0211494 0.15238 0.0736389 0.0792069 0.0549394 0.0864162 0.281901 0.0191153 0.275649 0.299918 0.500457 0.414028 0.392211 0.54634 0.609576 0.553124 0.439539 0.293847 0.229308 0.036314 0.770692 0.706153 0.560461 0.446876 0.390424 0.45366 0.607789 0.585972 0.499543 0.0910348 0.688404 0.688404 
data/PF.wav 1.66667 0.0647051 0.0253053 0.0453595 0.260789 0.0629761 0.125612 0.0229023 0.154807 0.0727723 0.0640181 0.134415 0.0788446 0.337975 0.504264 0.372134 0.361447 0.613975 0.571674 0.514109 0.588573 0.595338 0.474576 0.327339 0.156663 0.0812733 0 0.918727 0.843337 0.672661 0.525424 0.404662 0.411427 0.485891 0.428326 0.386025 0.126795 0.949275 0.949275 
data/PF.wav 3.33333 0.0600953 0.0426093 0.0441777 0.279318 0.0602485 0.125594 0.0266967 0.168141 0.109023 0.0843114 0.16245 0.0655865 0.369707 0.463671 0.459701 0.415809 0.695399 0.598901 0.45089 0.52599 0.575204 0.502691 0.356409 0.171905 0.0911588 0.0030717 0.908841 0.828095 0.643591 0.497309 0.424796 0.47401 0.54911 0.401099 0.304601 0.146216 0.869567 0.869567 
data/PF.wav 5 0.0660053 0.0461518 0.0392961 0.0996334 0.0656757 0.167982 0.0342459 0.151996 0.105609 0.0997326 0.0694803 0.0568074 0.440804 0.212249 0.59977 0.382387 0.653425 0.593033 0.509336 0.587134 0.598703 0.464819 0.319726 0.182377 0.139418 0.0147825 0.860582 0.817623 0.680274 0.535181 0.401297 0.412866 0.490664 0.406967 0.346575 0.125163 0.862317 0.862317 
data/PF.wav 6.66667 0.0834305 0.0981114 0.0793681 0.157378 0.164538 0.154174 0.0555124 0.237144 0.236096 0.13878 0.120663 0.0870541 0.436823 0.560244 0.261292 0.450179 0.705996 0.492734 0.247151 0.383093 0.500373 0.501908 0.45554 0.346271 0.292355 0.0805287 0.707645 0.653729 0.54446 0.498092 0.499627 0.616907 0.752849 0.507266 0.294004 0.14025 0.855067 0.855067 
data/PF.wav 8.33333 0.0604075 0.0546149 0.051293 0.381273 0.13483 0.134321 0.0436864 0.193444 0.278765 0.0979918 0.206652 0.0642868 0.366562 0.478909 0.511718 0.482869 0.773579 0.618981 0.310436 0.285679 0.261306 0.180873 0.302403 0.329988 0.343394 0.102267 0.656606 0.670012 0.697597 0.819127 0.738694 0.714321 0.689564 0.381019 0.226421 0.179449 0.847825 0.847825 
data/PF.wav 10 0.0773201 0.0726587 0.0636115 0.196393 0.134807 0.170899 0.0529876 0.235672 0.277353 0.1161 0.193412 0.0620808 0.371716 0.537068 0.419131 0.48911 0.768629 0.533522 0.258622 0.381785 0.469377 0.42137 0.382618 0.286489 0.231805 0.0964188 0.768195 0.713511 0.617382 0.57863 0.530623 0.618215 0.741378 0.466478 0.231371 0.160608 0.884058 0.884058 
data/PF.wav 11.6667 0.0707625 0.0604216 0.0627046 0.221599 0.150385 0.189512 0.0416904 0.215338 0.222047 0.119833 0.124584 0.122053 0.504604 0.529915 0.435953 0.470495 0.761997 0.633443 0.403112 0.436512 0.440177 0.341539 0.361879 0.359439 0.37329 0.107746 0.62671 0.640561 0.638121 0.658461 0.559823 0.563488 0.596888 0.366557 0.238003 0.168371 0.847825 0.847825 
data/PF.wav 13.3333 0.0746909 0.193965 0.11814 0.179145 0.254669 0.232379 0.0646029 0.342194 0.586618 0.141779 0.125372 0.146619 0.430957 0.101065 0.60031 0.596135 0.898662 0.632048 0.146129 0.158322 0.264182 0.342757 0.445696 0.388597 0.333331 0.105309 0.666669 0.611403 0.554304 0.657243 0.735818 0.841678 0.853871 0.367952 0.101338 0.248484 0.855067 0.855067 
data/PF.wav 15 0.0632938 0.0510668 0.0578235 0.378772 0.14209 0.107818 0.0332711 0.204613 0.189531 0.0945133 0.229622 0.0862871 0.339931 0.738293 0.377062 0.455258 0.73509 0.603154 0.373774 0.400746 0.402985 0.31515 0.333748 0.289766 0.270149 0.0802038 0.729851 0.710234 0.666252 0.68485 0.597015 0.599254 0.626226 0.396846 0.26491 0.164847 0.847825 0.847825 
data/PF.wav 16.6667 0.115078 0.264536 0.148781 0.363448 0.358926 0.248333 0.120225 0.446198 0.603288 0.211164 0.310858 0.126955 0.640848 0.277906 0.485174 0.683661 0.909055 0.514794 0.14405 0.330385 0.312542 0.194876 0.403028 0.438275 0.361406 0.466499 0.638594 0.561725 0.596972 0.805124 0.687458 0.669615 0.85595 0.485206 0.0909447 0.280012 0.869567 0.869567 
data/PF.wav 18.3333 0.144226 0.114991 0.195993 0.335439 0.364128 0.287413 0.11448 0.391182 0.295812 0.267683 0.270388 0.13559 0.638852 0.534338 0.30691 0.596996 0.805149 0.41431 0.169302 0.46937 0.482564 0.286173 0.357422 0.383229 0.360683 0.437584 0.639317 0.616771 0.642578 0.713827 0.517436 0.53063 0.830698 0.58569 0.194851 0.19441 0.905792 0.905792 
data/PF.wav 20 0.0846238 0.211881 0.119076 0.202251 0.249898 0.264751 0.0833651 0.363989 0.691013 0.210103 0.170902 0.133382 0.491557 0.232062 0.649302 0.635669 0.914178 0.584457 0.0889647 0.156429 0.261733 0.288738 0.415926 0.399513 0.353597 0.177007 0.646403 0.600487 0.584074 0.711262 0.738267 0.843571 0.911035 0.415543 0.0858223 0.293225 0.833333 0.833333 
data/PF.wav 21.6667 0.0743245 0.0863322 0.0651359 0.366486 0.165776 0.161381 0.0573476 0.226296 0.249536 0.127044 0.232392 0.0600542 0.397889 0.514127 0.502879 0.498106 0.765601 0.559984 0.307242 0.38759 0.385186 0.228306 0.273079 0.292412 0.298922 0.147279 0.701078 0.707588 0.726921 0.771694 0.614814 0.61241 0.692758 0.440016 0.234399 0.173505 0.855067 0.855067 
data/PF.wav 23.3333 0.0415593 0.273349 0.207011 0.319297 0.18372 0.394299 0.5077 0.521543 0.297612 0.250369 0.359784 0.39673 0.624925 0.637452 0.406702 0.639392 0.85773 0.721733 0.531141 0.639382 0.688108 0.550145 0.434657 0.383036 0.377357 0.259189 0.622643 0.616964 0.565343 0.449855 0.311892 0.360618 0.468859 0.278267 0.14227 0.38738 0.391303 0.391303 
data/PF.wav 25 0.0149096 0.246644 0.263844 0.325157 0.232109 0.391878 0.290334 0.529295 0.315028 0.274948 0.486877 0.399764 0.565491 0.727506 0.708652 0.612426 0.861759 0.854715 0.725494 0.797276 0.904746 0.872679 0.587219 0.367186 0.294522 0.139585 0.705478 0.632814 0.412781 0.127321 0.0952542 0.202724 0.274506 0.145285 0.138241 0.472122 0.246376 0.246376 
data/PF.wav 26.6667 0.0255322 0.320391 0.286642 0.403932 0.32801 0.560221 0.570646 0.646166 0.316437 0.341693 0.383905 0.574528 0.591285 0.644707 0.609235 0.667585 0.877823 0.849333 0.652641 0.701807 0.806458 0.79907 0.610733 0.45482 0.401069 0.199262 0.598931 0.54518 0.389267 0.20093 0.193542 0.298193 0.347359 0.150667 0.122177 0.544407 0.253623 0.253623 
data/PF.wav 28.3333 0.0207504 0.316915 0.252409 0.463822 0.229634 0.373255 0.33544 0.612883 0.60602 0.376974 0.439501 0.506315 0.515411 0.755703 0.535824 0.68265 0.919767 0.902798 0.650702 0.59639 0.617514 0.612886 0.592917 0.529325 0.495448 0.248158 0.504552 0.470675 0.407083 0.387114 0.382486 0.40361 0.349298 0.0972019 0.080233 0.537311 0.275362 0.275362 
data/PF.wav 30 0.0211607 0.310194 0.245143 0.453718 0.251375 0.507857 0.565897 0.545719 0.286029 0.276609 0.402064 0.476546 0.598603 0.637149 0.471266 0.681079 0.909509 0.816186 0.589531 0.663351 0.763239 0.71152 0.536631 0.427816 0.413226 0.22927 0.586774 0.572184 0.463369 0.28848 0.236761 0.336649 0.410469 0.183814 0.0904914 0.481554 0.23913 0.23913 
data/PF.wav 31.6667 0.0141362 0.254181 0.256442 0.317058 0.235147 0.390365 0.321244 0.513773 0.360939 0.285274 0.559288 0.395449 0.704524 0.728238 0.716387 0.64757 0.892636 0.860895 0.713982 0.794582 0.891836 0.807505 0.504926 0.303817 0.255432 0.158251 0.744568 0.696183 0.495074 0.192495 0.108164 0.205418 0.286018 0.139105 0.107364 0.506172 0.253623 0.253623 
data/PF.wav 33.3333 0.0296635 0.338374 0.275344 0.34535 0.284782 0.529941 0.662416 0.626788 0.34507 0.329376 0.394024 0.510047 0.642265 0.70444 0.617307 0.67841 0.884861 0.810457 0.586047 0.662778 0.788533 0.781203 0.595168 0.454547 0.416669 0.213158 0.583331 0.545453 0.404832 0.218797 0.211467 0.337222 0.413953 0.189543 0.115139 0.547381 0.231883 0.231883 
data/PF.wav 35 0.0151963 0.303051 0.220409 0.357172 0.189915 0.374724 0.507544 0.547062 0.334681 0.238265 0.366432 0.380089 0.496198 0.809573 0.64888 0.627082 0.891675 0.903058 0.772394 0.788797 0.80415 0.678759 0.478925 0.345624 0.305232 0.175264 0.694768 0.654376 0.521075 0.321241 0.19585 0.211203 0.227606 0.0969415 0.108325 0.495593 0.275362 0.275362 
data/PF.wav 36.6667 0.0321443 0.33359 0.250097 0.372708 0.278591 0.596541 0.695692 0.532827 0.316149 0.311427 0.438577 0.555986 0.687251 0.673732 0.500197 0.716804 0.946384 0.837713 0.569348 0.648416 0.70923 0.576853 0.439143 0.380257 0.38106 0.238219 0.61894 0.619743 0.560857 0.423147 0.29077 0.351584 0.430652 0.162287 0.0536161 0.499943 0.246376 0.246376 
data/PF.wav 38.3333 0.0396057 0.316899 0.288699 0.386618 0.278803 0.487788 0.374042 0.595615 0.38777 0.289209 0.627223 0.537458 0.628132 0.817779 0.730269 0.682176 0.918272 0.878574 0.660208 0.74205 0.866342 0.815948 0.517553 0.290538 0.221614 0.128524 0.778386 0.709462 0.482447 0.184052 0.133658 0.25795 0.339792 0.121426 0.0817285 0.533421 0.268115 0.268115 
data/PF.wav 40 0.0448442 0.364803 0.290056 0.369453 0.298561 0.587161 0.803534 0.646664 0.331425 0.34874 0.390468 0.587751 0.653205 0.771223 0.602577 0.705613 0.919669 0.83993 0.551848 0.616986 0.723403 0.666874 0.520679 0.456982 0.480471 0.207472 0.519529 0.543018 0.479321 0.333126 0.276597 0.383014 0.448152 0.16007 0.0803311 0.558842 0.260869 0.260869 
data/PF.wav 41.6667 0.0379191 0.33618 0.256013 0.431339 0.225611 0.406781 0.305265 0.557653 0.733491 0.35229 0.43811 0.516601 0.569865 0.696687 0.490315 0.716395 0.975301 0.920147 0.572892 0.52167 0.546879 0.510859 0.504464 0.467369 0.458346 0.21084 0.541654 0.532631 0.495536 0.489141 0.453121 0.47833 0.427108 0.0798529 0.0246985 0.528455 0.268115 0.268115 
data/PF.wav 43.3333 0.0430387 0.328648 0.255473 0.486218 0.266139 0.579101 0.859109 0.520028 0.314879 0.300001 0.45476 0.497119 0.62027 0.595104 0.467663 0.735355 0.976327 0.875183 0.541961 0.577493 0.638967 0.522699 0.421351 0.413591 0.470516 0.224396 0.529484 0.586409 0.578649 0.477301 0.361033 0.422507 0.458039 0.124817 0.0236734 0.513545 0.260869 0.260869 
data/PF.wav 45 0.0253032 0.32442 0.275168 0.335518 0.251662 0.634113 0.379839 0.587028 0.421557 0.337567 0.680761 0.481404 0.775529 0.896014 0.720032 0.724616 0.975934 0.949521 0.670123 0.666429 0.719931 0.606656 0.376319 0.214678 0.185638 0.128908 0.814362 0.785322 0.623681 0.393344 0.280069 0.333571 0.329877 0.0504788 0.0240658 0.591571 0.260869 0.260869 
data/PF.wav 46.6667 0.0465511 0.381699 0.286153 0.371832 0.294469 0.689082 0.924019 0.626025 0.348371 0.347023 0.429679 0.567387 0.665445 0.754104 0.566376 0.752098 0.970629 0.852279 0.508705 0.569419 0.671695 0.582403 0.434761 0.385266 0.426429 0.215167 0.573571 0.614734 0.565239 0.417597 0.328305 0.430581 0.491295 0.147721 0.029371 0.57125 0.260869 0.260869 
data/PF.wav 48.3333 0.0362582 0.354112 0.238083 0.4016 0.203366 0.673531 0.618386 0.513992 0.344265 0.26962 0.369797 0.402842 0.558349 0.783479 0.615842 0.696251 0.973481 0.950135 0.675935 0.65344 0.655562 0.525409 0.417394 0.346129 0.334399 0.172547 0.665601 0.653871 0.582606 0.474591 0.344438 0.34656 0.324065 0.0498654 0.0265188 0.512399 0.23913 0.23913 
data/PF.wav 50 0.114963 0.231875 0.184918 0.376109 0.261696 0.355345 0.343017 0.286553 0.610924 0.250871 0.468943 0.481179 0.325307 0.933933 0.572992 0.677635 0.935385 0.661023 0.330106 0.403613 0.359737 0.293614 0.388796 0.355305 0.322179 0.430171 0.677821 0.644695 0.611204 0.706386 0.640263 0.596387 0.669894 0.338977 0.0646154 0.378093 0.391303 0.391303 
data/PF.wav 51.6667 0.140789 0.125356 0.170274 0.601021 0.227986 0.334583 0.122903 0.190676 0.436832 0.192437 0.392469 0.150438 0.29472 0.563318 0.805244 0.603366 0.865325 0.600191 0.300627 0.339699 0.180132 0 0.225357 0.292698 0.28625 0.425401 0.71375 0.707302 0.774643 1 0.819868 0.660301 0.699373 0.399809 0.134675 0.259596 0.833333 0.833333 
data/PF.wav 53.3333 0.154371 0.256456 0.203188 0.351914 0.28522 0.535739 0.226644 0.288277 0.68018 0.261123 0.604866 0.405813 0.402018 0.551506 0.579191 0.715749 0.956791 0.609572 0.202022 0.279641 0.163281 0.0597873 0.364117 0.4577 0.430534 0.552005 0.569466 0.5423 0.635883 0.940213 0.836719 0.720359 0.797978 0.390428 0.0432089 0.322636 0.833333 0.833333 
data/PF.wav 55 0.161435 0.437407 0.17823 0.58075 0.265767 0.173665 0.257223 0.223438 0.506161 0.188306 0.316959 0.194229 0.296884 0.986513 0.67439 0.625769 0.894057 0.670346 0.364093 0.406693 0.26473 0.101441 0.303573 0.370384 0.366658 0.417618 0.633342 0.629616 0.696427 0.898559 0.73527 0.593307 0.635907 0.329654 0.105943 0.283104 0.789851 0.789851 
data/PF.wav 56.6667 0.0554975 0.170324 0.0392814 0.097585 0.153094 0.0961552 0.0267397 0.170327 0.608073 0.0707148 0.0652595 0.0388575 0.193379 0 1 0.524319 0.853314 0.62129 0.111718 0 0 0.0822178 0.386936 0.413338 0.368005 0.0854907 0.631995 0.586662 0.613064 0.917782 1 1 0.888282 0.37871 0.146686 0.246848 0.840576 0.840576 
data/PF.wav 58.3333 0.142277 0.130603 0.137699 0.445082 0.193019 0.33169 0.192665 0.164763 0.350472 0.196925 0.378619 0.35904 0.281777 0.95838 0.56353 0.584492 0.851565 0.602379 0.352626 0.419952 0.296325 0.12031 0.248597 0.250362 0.214376 0.379812 0.785624 0.749638 0.751403 0.87969 0.703675 0.580048 0.647374 0.397621 0.148435 0.223131 0.652172 0.652172 
data/PF.wav 60 0.124112 0.21497 0.155285 0.664024 0.277257 0.340127 0.140782 0.27166 0.688889 0.211159 0.357292 0.121673 0.352757 0.551532 0.746483 0.678711 0.941224 0.614861 0.146304 0.165873 0.0838067 0.00390011 0.268071 0.313008 0.278375 0.376357 0.721625 0.686992 0.731929 0.9961 0.916193 0.834127 0.853696 0.385139 0.0587757 0.348335 0.840576 0.840576 
data/PF.wav 61.6667 0.154761 0.218564 0.230479 0.481347 0.256041 0.546968 0.285178 0.278223 0.393147 0.560256 0.746494 0.614903 0.427852 0.931921 0.395941 0.711294 0.910551 0.509381 0.111763 0.355801 0.40487 0.273427 0.230357 0.12745 0.0829895 0.376992 0.917011 0.87255 0.769643 0.726573 0.59513 0.644199 0.888237 0.490619 0.0894493 0.276444 0.847825 0.847825 
data/PF.wav 63.3333 0.133099 0.542925 0.269481 0.66695 0.443507 0.294997 0.327638 0.394847 0.768106 0.450565 0.409854 0.365598 0.398926 0.853847 0.524462 0.766905 0.999056 0.649224 0.0503765 0.169853 0.308014 0.366631 0.346552 0.137521 0 0.179842 1 0.862479 0.653448 0.633369 0.691986 0.830147 0.949623 0.350776 0.000943958 0.372294 0.862317 0.862317 
data/PF.wav 65 0.0696119 0.0851514 0.157628 0.31662 0.343051 0.227581 0.0889144 0.154436 0.245793 0.0997308 0.135239 0.12687 0.194487 0.428833 0.36417 0.461068 0.71213 0.447883 0.0352844 0.0823917 0.245919 0.484177 0.61565 0.440676 0.277965 0.0520712 0.722035 0.559324 0.38435 0.515823 0.754081 0.917608 0.964716 0.552117 0.28787 0.154002 0.702897 0.702897 
data/PF.wav 66.6667 0.0737357 0.1283 0.107586 0.207657 0.215685 0.47904 0.602048 0.308902 0.14282 0.178579 0.189777 0.15136 0.578454 0.462293 0.633344 0.635691 0.921273 0.579318 0.130805 0.255486 0.341691 0.145381 0.11954 0.210672 0.346905 0.150543 0.653095 0.789328 0.88046 0.854619 0.658309 0.744514 0.869195 0.420682 0.0787274 0.291517 0.746375 0.746375 
data/PF.wav 68.3333 0.0593995 0.0966869 0.0620113 0.30804 0.0980758 0.315821 0.189306 0.225168 0.127859 0.0996116 0.549311 0.0620783 0.388325 0.511745 0.937116 0.578036 0.906386 0.711994 0.406312 0.458263 0.453762 0.194159 0.0586313 0 0.0237061 0.0495311 0.976294 1 0.941369 0.805841 0.546238 0.541737 0.593688 0.288006 0.0936142 0.279053 1 1 
data/PF.wav 70 0.0748484 0.129051 0.0880697 0.301838 0.146936 0.51102 0.565502 0.254394 0.114159 0.15454 0.260062 0.0904784 0.553463 0.482912 0.58868 0.634313 0.886116 0.468015 0.0722242 0.30108 0.392295 0.0897651 0 0.108623 0.271085 0.199424 0.728915 0.891377 1 0.910235 0.607705 0.69892 0.927776 0.531985 0.113884 0.293841 0.99275 0.99275 
data/PF.wav 71.6667 0.0666617 0.159387 0.143126 0.150856 0.117647 0.405798 0.374421 0.0985528 0.0709904 0.109113 0.0915353 0.128796 0.183312 0.673366 0.757186 0.450308 0.68212 0.395122 0 0.0426589 0.0804749 0.018443 0.140041 0.132091 0.137086 0.0351473 0.862914 0.867909 0.859959 0.981557 0.919525 0.957341 1 0.604878 0.31788 0.189475 0.768117 0.768117 
data/PF.wav 73.3333 0.0300595 0.314365 0.360061 0.308191 0.341468 0.344236 0.382047 0.325243 0.189871 0.302452 0.266018 0.530818 0.421372 0.601117 0.173865 0.603968 0.879664 0.823877 0.47108 0.311739 0.281934 0.380904 0.548072 0.440738 0.310219 0.162962 0.689781 0.559262 0.451928 0.619096 0.718066 0.688261 0.52892 0.176123 0.120336 0.269309 0.99275 0.99275 
data/PF.wav 75 0.0436924 0.664064 0.556932 0.713915 0.609917 0.565947 0.820096 0.678934 0.893897 0.533904 0.682287 0.631936 0.397949 0.792984 0.601029 0.810657 0.929257 0.932004 0.655235 0.583377 0.510004 0.489481 0.613384 0.660004 0.679421 0.506845 0.320579 0.339996 0.386616 0.510519 0.489996 0.416623 0.344765 0.0679956 0.0707427 0.895439 0.130434 0.130434 
data/PF.wav 76.6667 0.0663831 0.692282 0.616536 0.892872 0.530066 0.648517 0.847528 0.75504 0.771303 0.554973 0.833749 0.718572 0.451891 0.759621 0.695936 0.802415 0.862202 0.802332 0.675551 0.836258 0.843115 0.78693 0.776046 0.792651 0.777807 0.631839 0.222193 0.207349 0.223954 0.21307 0.156885 0.163742 0.324449 0.197668 0.137798 0.998604 0.0144928 0.0144928 
data/PF.wav 78.3333 0.0816167 0.66323 0.555966 0.494927 0.584821 0.788234 0.671566 0.684287 0.941199 0.567094 0.801268 0.741863 0.556661 0.857275 0.620433 0.874274 0.991958 0.838882 0.517078 0.572184 0.551316 0.528431 0.660715 0.755954 0.762652 0.633242 0.237348 0.244046 0.339285 0.471569 0.448684 0.427816 0.482922 0.161118 0.00804225 0.819983 0.0507245 0.0507245 
data/PF.wav 80 0.0985567 0.985086 0.703595 0.808856 0.578704 0.575862 0.822673 0.727942 0.715 0.609192 0.892237 0.751878 0.537887 0.686543 0.592956 0.853592 0.912178 0.829623 0.647493 0.811338 0.736711 0.574346 0.646119 0.789816 0.872256 0.729543 0.127744 0.210184 0.353881 0.425654 0.263289 0.188662 0.352507 0.170377 0.0878219 0.852319 0 0 
data/PF.wav 81.6667 0.00825554 0.638384 0.482112 0.357256 0.561799 0.448936 0.713241 0.637388 0.72772 0.442773 0.565355 0.646673 0.367134 0.844979 0.736864 0.754745 0.929213 1 0.761164 0.604817 0.541249 0.587828 0.810827 0.948124 1 0.481813 0 0.0518755 0.189173 0.412172 0.458751 0.395183 0.238836 0 0.0707867 0.970372 0.0289854 0.0289854 
data/PF.wav 83.3333 0.0531563 0.686669 0.582981 0.669574 0.510578 0.516165 0.881545 0.691933 0.672235 0.530724 0.76046 0.844102 0.443787 0.769878 0.809992 0.758662 0.84109 0.868158 0.768265 0.8223 0.835374 0.879127 0.853521 0.811167 0.773802 0.556908 0.226198 0.188833 0.146479 0.120873 0.164626 0.1777 0.231735 0.131842 0.15891 0.964828 0.0434781 0.0434781 
data/PF.wav 85 0.0758892 0.618468 0.543255 0.743423 0.619841 0.624351 0.637812 0.671031 0.772891 0.511887 0.724108 0.738062 0.55917 0.890397 0.689489 0.842659 0.982518 0.85549 0.500104 0.598951 0.667877 0.64001 0.672017 0.734324 0.71793 0.440154 0.28207 0.265676 0.327983 0.35999 0.332123 0.401049 0.499896 0.14451 0.0174818 0.767277 0.0362318 0.0362318 
data/PF.wav 86.6667 0.0959177 0.804858 1 0.832468 1 0.963694 1 0.734368 0.721037 0.921957 0.997858 0.941109 0.613186 0.831959 0.793891 0.854431 0.85705 0.796603 0.558929 0.858794 0.954018 0.858437 0.79928 0.834533 0.820379 0.536262 0.179621 0.165467 0.20072 0.141563 0.0459816 0.141206 0.441071 0.203397 0.14295 0.933026 0.0217391 0.0217391 
data/PF.wav 88.3333 0.117826 1 0.759841 0.812699 0.969279 0.969484 0.959137 1 1 1 0.964033 0.994154 0.622218 0.940032 0.592563 1 0.941045 0.562834 0.375567 0.889467 0.891251 0.519572 0.528576 0.753985 0.871981 1 0.128019 0.246015 0.471424 0.480428 0.108749 0.110533 0.624433 0.437166 0.0589551 1 0.0579709 0.0579709 
data/PF.wav 90 0 0.600753 0.49578 0.369841 0.431729 0.385906 0.682422 0.599942 0.513347 0.415252 0.594072 0.640094 0.344837 0.635934 0.930142 0.616257 0.764278 0.995417 1 0.895557 0.858608 0.942825 1 1 0.976338 0.405272 0.0236616 0 0 0.0571755 0.141392 0.104443 0 0.00458319 0.235722 0.900977 0.0144928 0.0144928 
data/PF.wav 91.6667 0.0748315 0.734581 0.539579 0.520138 0.619226 0.611052 0.835318 0.648553 0.749755 0.668308 0.758715 0.936612 0.561522 0.896674 0.726005 0.821396 0.942344 0.94495 0.70013 0.665676 0.564103 0.573482 0.779998 0.8305 0.779564 0.611785 0.220436 0.1695 0.220002 0.426518 0.435897 0.334324 0.29987 0.0550504 0.0576558 0.881392 0.0144928 0.0144928 
data/PF.wav 93.3333 0.0721389 0.67452 0.729317 1 0.553141 0.663318 0.792807 0.676734 0.655239 0.671202 0.860666 0.757609 0.467157 0.659049 0.728986 0.812895 0.883261 0.852991 0.694504 0.819172 0.785269 0.685076 0.731907 0.757521 0.700026 0.579916 0.299974 0.242479 0.268093 0.314924 0.214731 0.180828 0.305496 0.147009 0.116739 0.935926 0 0 
data/PF.wav 95 0.0950113 0.622112 0.594215 0.698273 0.588126 1 0.887508 0.709696 0.780435 0.698521 1 1 0.59291 1 0.564022 0.880386 0.953783 0.810764 0.527409 0.705791 0.708139 0.59478 0.622326 0.627353 0.552417 0.571675 0.447583 0.372647 0.377674 0.40522 0.291861 0.294209 0.472591 0.189236 0.0462167 0.821028 0.0434781 0.0434781 
data/PF.wav 96.6667 0.0869432 0.863745 0.654215 0.672085 0.587014 0.551132 0.804275 0.736499 0.744216 0.637465 0.755638 0.787277 0.478326 0.763585 0.776706 0.787587 0.879197 0.920222 0.75551 0.816036 0.724381 0.685926 0.811218 0.814428 0.75178 0.603352 0.24822 0.185572 0.188782 0.314074 0.275619 0.183964 0.24449 0.0797777 0.120803 0.976322 0.0144928 0.0144928 
data/PF.wav 98.3333 0.0138341 0.340639 0.18984 0.190963 0.182723 0.250804 0.264451 0.409268 0.23709 0.229752 0.257701 0.469905 0.622274 0.651409 0.581746 0.567232 0.852401 0.863696 0.742459 0.783013 0.863658 0.878233 0.659719 0.432793 0.32462 0.134106 0.67538 0.567207 0.340281 0.121767 0.136342 0.216987 0.257541 0.136304 0.147599 0.455516 0.202898 0.202898 
data/PF.wav 100 0.0176911 0.377479 0.218157 0.209989 0.193279 0.288577 0.340129 0.485078 0.318585 0.225451 0.243201 0.374698 0.580082 0.868702 0.652744 0.630698 0.926818 0.866578 0.665847 0.746824 0.88631 0.89627 0.568618 0.244524 0.0943006 0.0786236 0.905699 0.755476 0.431382 0.10373 0.11369 0.253176 0.334153 0.133422 0.0731821 0.503122 0.246376 0.246376 
data/PF.wav 101.667 0.00386196 0.33475 0.193893 0.183149 0.164247 0.223502 0.2972 0.457981 0.246354 0.190745 0.227302 0.469531 0.478298 0.533886 0.696066 0.507855 0.764457 0.862122 0.869444 0.906714 0.946998 0.927216 0.672829 0.430556 0.312238 0.132984 0.687762 0.569444 0.327171 0.0727837 0.0530024 0.0932861 0.130556 0.137878 0.235543 0.50644 0.181159 0.181159 
data/PF.wav 103.333 0.0431582 0.368862 0.291324 0.25583 0.388182 0.445323 0.348894 0.767577 0.348964 0.388376 0.264225 0.60204 1 0.900199 0.457199 0.766948 1 0.79926 0.547137 0.71387 0.834182 0.780046 0.52266 0.270527 0.124861 0.301396 0.875139 0.729473 0.47734 0.219954 0.165818 0.28613 0.452863 0.20074 0 0.588326 0.282608 0.282608 
data/PF.wav 105 0.0260639 0.347964 0.219538 0.248621 0.180182 0.236682 0.290831 0.361443 0.304182 0.222787 0.306464 0.541216 0.493076 0.762474 0.654357 0.54541 0.813908 0.857499 0.805644 0.900818 1 0.961209 0.646164 0.419094 0.342388 0.113343 0.657612 0.580906 0.353836 0.0387911 0 0.0991819 0.194356 0.142501 0.186092 0.456202 0.23913 0.23913 
data/PF.wav 106.667 0.00114082 0.269427 0.225793 0.224008 0.181215 0.265671 0.336767 0.430219 0.271481 0.205005 0.247733 0.397435 0.425869 0.769714 0.803699 0.494555 0.751022 0.882498 0.910267 0.927986 0.967992 1 0.785929 0.542496 0.403604 0.15041 0.596396 0.457504 0.214071 0 0.0320077 0.0720141 0.0897327 0.117502 0.248978 0.498891 0.224637 0.224637 
data/PF.wav 108.333 0.0155209 0.370441 0.248632 0.227075 0.214941 0.297046 0.347733 0.539931 0.301701 0.304663 0.314538 0.525576 0.643443 0.680316 0.606221 0.587763 0.817055 0.832904 0.773271 0.859991 0.924098 0.876115 0.650475 0.458623 0.365961 0.209289 0.634039 0.541377 0.349525 0.123885 0.0759024 0.140009 0.226729 0.167096 0.182945 0.5205 0.0579709 0.0579709 
data/PF.wav 110 0.0174873 0.375983 0.219961 0.18695 0.191778 0.329059 0.366289 0.457888 0.26842 0.25092 0.247678 0.408656 0.582496 0.678167 0.647559 0.540546 0.793402 0.876665 0.836395 0.860402 0.896191 0.854955 0.607086 0.382768 0.281279 0.125246 0.718721 0.617232 0.392914 0.145045 0.103809 0.139598 0.163605 0.123335 0.206598 0.469666 0.152173 0.152173 
data/PF.wav 111.667 0.0245097 0.310209 0.243278 0.243454 0.304164 0.353418 0.353555 0.479308 0.243108 0.345401 0.355631 0.491798 0.666765 0.51385 0.604245 0.590324 0.834401 0.855861 0.771496 0.840039 0.900295 0.845952 0.611338 0.40521 0.301434 0.167201 0.698566 0.59479 0.388662 0.154048 0.0997053 0.159961 0.228504 0.144139 0.165599 0.469675 0.0652172 0.0652172 
data/PF.wav 113.333 0.00735921 0.409284 0.226221 0.211674 0.171024 0.233488 0.355543 0.440312 0.318735 0.197112 0.231424 0.405365 0.295343 0.914796 0.741066 0.483988 0.740429 0.906241 0.98783 1 0.990197 0.948245 0.72902 0.526043 0.416886 0.172251 0.583114 0.473957 0.27098 0.051755 0.00980276 0 0.0121703 0.0937587 0.259571 0.527661 0.202898 0.202898 
data/PF.wav 115 0.0157307 0.286874 0.20192 0.445273 0.22151 0.229072 0.284958 0.592514 0.465245 0.224771 0.421806 0.468611 0.532219 0.604411 0.627488 0.607928 0.8361 0.820474 0.689132 0.757946 0.862625 0.908047 0.75409 0.575459 0.469776 0.220025 0.530224 0.424541 0.24591 0.0919531 0.137375 0.242054 0.310868 0.179526 0.1639 0.515908 0.23913 0.23913 
data/PF.wav 116.667 0.0266144 0.260125 0.259321 0.487797 0.246973 0.306198 0.24703 0.577658 0.49374 0.246749 0.381401 0.433168 0.526469 0.603043 0.584906 0.663238 0.907743 0.819461 0.601594 0.664634 0.740805 0.712318 0.62354 0.544448 0.504955 0.263117 0.495045 0.455552 0.37646 0.287682 0.259195 0.335366 0.398406 0.180539 0.0922575 0.45551 0.260869 0.260869 
data/PF.wav 118.333 0.0173926 0.2982 0.2368 0.321035 0.321588 0.289888 0.275304 0.551807 0.454485 0.282524 0.328958 0.516925 0.712284 0.552055 0.575528 0.645719 0.895441 0.866063 0.656473 0.680022 0.773309 0.816211 0.714306 0.601229 0.551855 0.22862 0.448145 0.398771 0.285694 0.183789 0.226691 0.319978 0.343527 0.133937 0.104559 0.503836 0.246376 0.246376 
data/PF.wav 120 0.033392 0.307144 0.290396 0.365986 0.296621 0.289713 0.338979 0.659396 0.50166 0.269291 0.367528 0.456983 0.546301 0.743386 0.65151 0.658417 0.900228 0.835896 0.563484 0.604053 0.767219 0.912989 0.790821 0.574545 0.438124 0.173064 0.561876 0.425455 0.209179 0.0870111 0.232781 0.395947 0.436516 0.164104 0.0997719 0.524963 0.275362 0.275362 
data/PF.wav 121.667 0.0287239 0.301235 0.218335 0.405216 0.235047 0.260015 0.284592 0.550937 0.431984 0.264637 0.403896 0.522075 0.618333 0.596905 0.604826 0.616967 0.870265 0.890107 0.709674 0.697568 0.749217 0.749021 0.64042 0.523532 0.472168 0.180817 0.527832 0.476468 0.35958 0.250979 0.250783 0.302432 0.290326 0.109893 0.129735 0.499994 0.246376 0.246376 
data/PF.wav 123.333 0.0505635 0.302548 0.311327 0.529303 0.303559 0.360266 0.334422 0.546567 0.461872 0.387857 0.461276 0.501741 0.633972 0.635237 0.593108 0.680218 0.893167 0.797055 0.571521 0.684653 0.814641 0.757102 0.560543 0.469305 0.4722 0.220261 0.5278 0.530695 0.439457 0.242898 0.185359 0.315347 0.428479 0.202945 0.106833 0.446964 0.268115 0.268115 
data/PF.wav 125 0.0493436 0.364617 0.316931 0.377681 0.33821 0.407729 0.384328 0.56409 0.497543 0.380127 0.414034 0.603529 0.648566 0.5835 0.601199 0.669802 0.876984 0.811441 0.554926 0.638159 0.816759 0.875421 0.696076 0.592314 0.600055 0.197947 0.399945 0.407686 0.303924 0.124579 0.183241 0.361841 0.445074 0.188559 0.123016 0.498202 0.253623 0.253623 
data/PF.wav 126.667 0.0546136 0.353916 0.344446 0.42194 0.337065 0.406085 0.424683 0.712804 0.550833 0.424828 0.435243 0.575787 0.659253 0.730149 0.616915 0.706624 0.910209 0.834519 0.532715 0.595523 0.770472 0.837127 0.648758 0.461181 0.382623 0.155032 0.617377 0.538819 0.351242 0.162873 0.229528 0.404477 0.467285 0.165481 0.089791 0.535183 0.275362 0.275362 
data/PF.wav 128.333 0.0843421 0.190583 0.184381 0.370025 0.257361 0.304377 0.150648 0.316281 0.30828 0.29261 0.356961 0.342373 0.51057 0.597079 0.347797 0.562196 0.791846 0.57712 0.309071 0.467143 0.582455 0.495706 0.409175 0.362337 0.362511 0.151473 0.637489 0.637663 0.590825 0.504294 0.417545 0.532857 0.690929 0.42288 0.208154 0.247334 0.471013 0.471013 
data/PF.wav 130 0.0984755 0.0723973 0.090359 0.306711 0.144731 0.213031 0.0594791 0.286965 0.138719 0.134406 0.209924 0.151258 0.387097 0.565822 0.257935 0.472539 0.686356 0.39378 0.247824 0.540449 0.669529 0.52337 0.369678 0.281336 0.250511 0.17745 0.749489 0.718664 0.630322 0.47663 0.330471 0.459551 0.752176 0.60622 0.313644 0.148016 0.862317 0.862317 
data/PF.wav 131.667 0.0893524 0.0570798 0.0766013 0.161427 0.150362 0.190656 0.0422492 0.239016 0.116556 0.130055 0.0989139 0.118824 0.519978 0.383772 0.38015 0.444303 0.690795 0.493435 0.362026 0.583338 0.698939 0.569944 0.388312 0.30813 0.321654 0.112176 0.678346 0.69187 0.611688 0.430056 0.301061 0.416662 0.637974 0.506565 0.309205 0.143365 0.862317 0.862317 
data/PF.wav 133.333 0.402523 0.00835405 0.0198506 0.0161203 0.00852116 0.0450809 0.00519227 0.0203592 0.00960577 0.0170247 0.0486508 0.0091535 0.0225795 0.206163 0.330478 0.0700727 0.122061 0.102533 0.340945 0.587449 0.605114 0.5208 0.512662 0.471589 0.44483 0.0920623 0.55517 0.528411 0.487338 0.4792 0.394886 0.412551 0.659055 0.897467 0.877939 0.0162556 0.333333 0.333333 
data/PF.wav 135 1 0 0 0 0 0 0 0 0 0 0 0 0 0.345846 0 0 0 0 0.311957 0.586852 0.597914 0.502912 0.503293 0.475649 0.458742 0.0870856 0.541258 0.524351 0.496707 0.497088 0.402086 0.413148 0.688043 1 1 0 0 0 
