data/PF.wav 0 0.146764 0.000549581 0.000399822 0.00178016 0.000778284 0.0014606 0.00029826 0.00218377 0.00137515 0.000741739 0.000703136 0.000779773 0.00324535 0.507632 187.639 -302.292 14.7918 7.15469 1.12234 -0.591856 0.13744 0.385077 -0.496656 -1.30353 -1.08155 -5.2401e-14 1.08155 1.30353 0.496656 -0.385077 -0.13744 0.591856 -1.12234 -7.15469 -14.7918 4.85837e-05 0.00927734 0.00927734 
data/PF.wav 1.66667 0.0565231 0.000412443 0.000480352 0.00377368 0.000678242 0.00150825 0.00032166 0.00221829 0.00135916 0.000603053 0.00169021 0.000713283 0.00388644 0.809072 247.099 -299.433 18.147 9.8789 2.82696 0.0251781 -0.0303305 -0.217304 -1.37072 -2.28715 -1.77938 -5.26469e-14 1.77938 2.28715 1.37072 0.217304 0.0303305 -0.0251781 -2.82696 -9.8789 -18.147 6.76392e-05 0.012793 0.012793 
data/PF.wav 3.33333 0.0543718 0.000686491 0.000468163 0.00404081 0.000649457 0.00150803 0.000372312 0.00240793 0.00202805 0.000788347 0.0020384 0.000596858 0.00424922 0.78385 301.063 -296.907 20.5536 10.3494 1.94291 -0.889187 -0.267583 -0.00169033 -1.14426 -2.17786 -1.73278 -5.26261e-14 1.73278 2.17786 1.14426 0.00169033 0.267583 0.889187 -1.94291 -10.3494 -20.5536 7.7988e-05 0.0117188 0.0117188 
data/PF.wav 5 0.0571299 0.000742594 0.000417813 0.00145041 0.000706731 0.0020117 0.00047309 0.0021783 0.00196506 0.000929154 0.000883731 0.000519765 0.00506205 0.627633 387.382 -298.46 19.313 10.248 2.76022 0.00414874 0.00932261 -0.292133 -1.43003 -2.10278 -1.50529 -5.25468e-14 1.50529 2.10278 1.43003 0.292133 -0.00932261 -0.00414874 -2.76022 -10.248 -19.313 6.67692e-05 0.0116211 0.0116211 
data/PF.wav 6.66667 0.0652619 0.00156549 0.000831124 0.00228288 0.00175003 0.00184763 0.000756984 0.00338931 0.0043728 0.00128569 0.00151941 0.000785375 0.00501654 0.843854 178.791 -295.31 20.8668 8.51477 -0.906205 -2.97695 -1.14935 -0.00769557 -0.372007 -0.927649 -0.784349 -5.21016e-14 0.784349 0.927649 0.372007 0.00769557 1.14935 2.97695 0.906205 -8.51477 -20.8668 7.4809e-05 0.0115234 0.0115234 
data/PF.wav 8.33333 0.0545175 0.000876626 0.000541552 0.00551062 0.00143652 0.00161173 0.000599114 0.0027678 0.00516013 0.000913259 0.00258737 0.000585445 0.00421326 0.793318 333.119 -293.791 22.8643 10.6964 -0.0212163 -4.40021 -3.96637 -2.46972 -1.56498 -1.0444 -0.543752 -5.19544e-14 0.543752 1.0444 1.56498 2.46972 3.96637 4.40021 0.0212163 -10.6964 -22.8643 9.56967e-05 0.0114258 0.0114258 
data/PF.wav 10 0.0624103 0.00116239 0.000668607 0.00284533 0.00143628 0.00204636 0.000723279 0.00336837 0.00513407 0.0010786 0.00242294 0.000566073 0.00427219 0.829454 276.061 -293.501 22.718 9.21962 -0.745787 -2.99606 -1.51458 -0.625348 -0.940087 -1.35629 -1.06978 -5.1994e-14 1.06978 1.35629 0.940087 0.625348 1.51458 2.99606 0.745787 -9.21962 -22.718 8.56568e-05 0.0119141 0.0119141 
data/PF.wav 11.6667 0.05935 0.000968589 0.000659253 0.00320871 0.00160067 0.00226753 0.000572469 0.00307918 0.00411356 0.00111269 0.00156811 0.00109272 0.00579146 0.82501 286.428 -294.366 22.522 10.9463 1.27477 -2.19649 -1.85866 -1.23757 -1.10165 -0.833237 -0.402822 -5.19173e-14 0.402822 0.833237 1.10165 1.23757 1.85866 2.19649 -1.27477 -10.9463 -22.522 8.97933e-05 0.0114258 0.0114258 
data/PF.wav 13.3333 0.0611833 0.00308355 0.00123102 0.00259668 0.00270119 0.00277688 0.000878337 0.00488337 0.0108406 0.00131307 0.0015779 0.00130844 0.00494947 0.55855 387.715 -288.528 26.5613 10.9222 -2.3189 -6.26093 -3.93248 -1.22823 -0.448692 -0.62417 -0.591187 -5.19338e-14 0.591187 0.62417 0.448692 1.22823 3.93248 6.26093 2.3189 -10.9222 -26.5613 0.000132483 0.0115234 0.0115234 
data/PF.wav 15 0.0558645 0.000820434 0.000608908 0.00547457 0.00151313 0.00129681 0.000460077 0.00292664 0.00351358 0.000881498 0.00287266 0.000778639 0.0039088 0.954482 250.136 -295.074 21.7267 10.4229 0.864503 -2.71904 -2.29691 -1.43995 -1.32079 -1.33279 -0.889028 -5.21038e-14 0.889028 1.33279 1.32079 1.43995 2.29691 2.71904 -0.864503 -10.4229 -21.7267 8.79158e-05 0.0114258 0.0114258 
data/PF.wav 16.6667 0.0800313 0.0042012 0.00154706 0.00525365 0.00380142 0.00296646 0.00162086 0.00636255 0.0111482 0.00194661 0.00388159 0.00113576 0.00734911 0.668428 316.761 -284.461 26.8685 8.89598 -2.34797 -3.74704 -3.36264 -2.36233 -0.78109 -0.267977 -0.458842 -4.9488e-14 0.458842 0.267977 0.78109 2.36233 3.36264 3.74704 2.34797 -8.89598 -26.8685 0.000149283 0.0117188 0.0117188 
data/PF.wav 18.3333 0.0936338 0.00183282 0.00203402 0.00484986 0.00385631 0.00343081 0.00154417 0.00558009 0.00547467 0.00246267 0.00337897 0.00121159 0.00732629 0.827758 206.904 -288.488 23.7974 7.15957 -1.99485 -1.71642 -1.3592 -1.66217 -1.13637 -0.662661 -0.462249 -4.96838e-14 0.462249 0.662661 1.13637 1.66217 1.3592 1.71642 1.99485 -7.15957 -23.7974 0.000103669 0.012207 0.012207 
data/PF.wav 20 0.0658188 0.00336729 0.00124068 0.00292978 0.00265084 0.00316154 0.0011288 0.00519334 0.0127669 0.00193692 0.00214337 0.0011922 0.0056423 0.639943 417.907 -286.691 27.0199 10.0998 -3.11829 -6.28859 -3.96134 -1.6425 -0.680611 -0.545899 -0.495653 -5.14483e-14 0.495653 0.545899 0.680611 1.6425 3.96134 6.28859 3.11829 -10.0998 -27.0199 0.000156324 0.0112305 0.0112305 
data/PF.wav 21.6667 0.0610123 0.00137894 0.00068433 0.00529745 0.00176309 0.00193326 0.000781483 0.00323502 0.00462079 0.00117853 0.00290706 0.000548276 0.00457142 0.8152 327.672 -293.083 22.6285 9.6769 -0.0658765 -2.91125 -2.50664 -2.10596 -1.79342 -1.31382 -0.753393 -5.16496e-14 0.753393 1.31382 1.79342 2.10596 2.50664 2.91125 0.0658765 -9.6769 -22.6285 9.25294e-05 0.0115234 0.0115234 
data/PF.wav 23.3333 0.0457214 0.00434076 0.00214766 0.00461716 0.00195246 0.00470087 0.0067934 0.00743412 0.00550788 0.00230458 0.00448925 0.00350478 0.00716706 0.891826 268.402 -286.518 25.3515 12.472 3.06515 0.767511 1.06281 0.362234 -0.534688 -0.664041 -0.383652 -5.08918e-14 0.383652 0.664041 0.534688 -0.362234 -1.06281 -0.767511 -3.06515 -12.472 -25.3515 0.000206496 0.00527344 0.00527344 
data/PF.wav 25 0.0332845 0.00391784 0.00273384 0.00470163 0.00246311 0.0046721 0.00389171 0.00754438 0.00582925 0.00252901 0.00606771 0.00353142 0.00648757 0.94778 454.482 -287.771 25.4706 14.77 5.78299 3.07439 3.61555 2.83575 0.653796 -0.777688 -0.77413 -5.17017e-14 0.77413 0.777688 -0.653796 -2.83575 -3.61555 -3.07439 -5.78299 -14.77 -25.4706 0.000251652 0.00332031 0.00332031 
data/PF.wav 26.6667 0.0382419 0.00508578 0.00296899 0.00583728 0.00347516 0.00667241 0.0076337 0.00920656 0.00585525 0.00313844 0.00478882 0.00506611 0.00678246 0.896334 393.215 -285.208 25.9454 14.677 4.76421 1.67956 2.45738 2.27124 0.836982 -0.149349 -0.271875 -5.12976e-14 0.271875 0.149349 -0.836982 -2.27124 -2.45738 -1.67956 -4.76421 -14.677 -25.9454 0.00029017 0.00341797 0.00341797 
data/PF.wav 28.3333 0.0360103 0.00503073 0.0026159 0.00670067 0.00243699 0.00445082 0.00449384 0.00873319 0.0111986 0.00346058 0.00547931 0.0044671 0.00591502 0.9653 347.975 -284.508 27.1851 15.6009 4.7371 0.139389 0.230976 0.843393 0.698188 0.384858 0.173025 -5.09665e-14 -0.173025 -0.384858 -0.698188 -0.843393 -0.230976 -0.139389 -4.7371 -15.6009 -27.1851 0.000286389 0.00371094 0.00371094 
data/PF.wav 30 0.0362018 0.00492429 0.00254096 0.00655502 0.00266642 0.0060502 0.0075703 0.00777796 0.00529416 0.00254417 0.00501435 0.00420568 0.00686613 0.891638 308.19 -284.581 26.8819 14.1042 3.88167 1.1177 1.94812 1.59982 0.259711 -0.342969 -0.214563 -5.10944e-14 0.214563 0.342969 -0.259711 -1.59982 -1.94812 -1.1177 -3.88167 -14.1042 -26.8819 0.000256678 0.00322266 0.00322266 
data/PF.wav 31.6667 0.0329236 0.0040372 0.0026575 0.00458488 0.00249517 0.00465412 0.00430433 0.00732362 0.00667639 0.00262329 0.00696705 0.00349353 0.0080771 0.948235 459.249 -286.138 26.3832 14.8768 5.62201 3.03503 3.46343 2.33593 0.0127225 -1.23205 -0.958401 -5.15753e-14 0.958401 1.23205 -0.0127225 -2.33593 -3.46343 -3.03503 -5.62201 -14.8768 -26.3832 0.000269796 0.00341797 0.00341797 
data/PF.wav 33.3333 0.0401699 0.00537058 0.00285246 0.00499275 0.00301897 0.00631261 0.00885876 0.00893096 0.00638357 0.00302598 0.0049145 0.00449987 0.00736531 0.933448 398.19 -284.705 26.1534 14.0052 3.83295 1.10934 2.24617 2.13422 0.715723 -0.151306 -0.198336 -5.12035e-14 0.198336 0.151306 -0.715723 -2.13422 -2.24617 -1.10934 -3.83295 -14.0052 -26.1534 0.000291755 0.003125 0.003125 
data/PF.wav 35 0.0334183 0.00481116 0.00228585 0.00516318 0.00201783 0.00446827 0.00679132 0.00779706 0.00619189 0.00219406 0.00457181 0.00335865 0.00569536 0.998771 417.647 -287.09 26.3548 15.6054 6.43885 2.95052 2.43019 1.34858 -0.189835 -0.932292 -0.723646 -5.14601e-14 0.723646 0.932292 0.189835 -1.34858 -2.43019 -2.95052 -6.43885 -15.6054 -26.3548 0.000264159 0.00371094 0.00371094 
data/PF.wav 36.6667 0.0413276 0.00529481 0.00259205 0.00538714 0.00295364 0.00710397 0.00930298 0.00759461 0.00584993 0.00286209 0.00546784 0.00490328 0.00787962 0.914368 326.019 -282.921 27.9718 14.4762 3.59944 0.899509 1.3117 0.567056 -0.499747 -0.683966 -0.366194 -5.10338e-14 0.366194 0.683966 0.499747 -0.567056 -1.3117 -0.899509 -3.59944 -14.4762 -27.9718 0.000266477 0.00332031 0.00332031 
data/PF.wav 38.3333 0.0448097 0.00503048 0.0029902 0.00558768 0.00295587 0.00581173 0.00500915 0.0084876 0.00717147 0.00265922 0.00781079 0.00474058 0.00720373 1.00387 467.804 -284.53 27.1409 15.1823 4.87003 2.26752 3.16302 2.40068 0.111086 -1.32726 -1.11782 -5.17766e-14 1.11782 1.32726 -0.111086 -2.40068 -3.16302 -2.26752 -4.87003 -15.1823 -27.1409 0.000284316 0.00361328 0.00361328 
data/PF.wav 40 0.0472544 0.00578915 0.0030042 0.00534022 0.00316438 0.00699252 0.0107426 0.00921364 0.00613181 0.00320278 0.00487033 0.00518222 0.00749038 0.974943 389.112 -283.441 27.1822 14.5145 3.35471 0.440302 1.47871 1.25743 0.13544 -0.133848 0.102428 -5.1242e-14 -0.102428 0.133848 -0.13544 -1.25743 -1.47871 -0.440302 -3.35471 -14.5145 -27.1822 0.000297862 0.00351563 0.00351563 
data/PF.wav 41.6667 0.0440226 0.00533584 0.00265307 0.00623239 0.00239454 0.00484918 0.00409102 0.0079477 0.0135507 0.0032352 0.00546204 0.00455742 0.00653758 0.928631 319.929 -282.94 28.8265 15.9007 3.649 -0.952295 -0.60134 0.0609489 0.00911965 -0.0593734 -0.00186985 -5.12192e-14 0.00186985 0.0593734 -0.00911965 -0.0609489 0.60134 0.952295 -3.649 -15.9007 -28.8265 0.00028167 0.00361328 0.00361328 
data/PF.wav 43.3333 0.0464118 0.00521655 0.0026475 0.00702354 0.00282223 0.00689675 0.0114845 0.00741258 0.00582649 0.00275776 0.00566883 0.00438634 0.00711384 0.865514 305.97 -282.059 28.8568 15.1237 3.21645 -0.136701 0.483768 0.151748 -0.638344 -0.444964 0.055498 -5.11274e-14 -0.055498 0.444964 0.638344 -0.151748 -0.483768 0.136701 -3.21645 -15.1237 -28.8568 0.000273725 0.00351563 0.00351563 
data/PF.wav 45 0.038135 0.00514959 0.00285064 0.004851 0.00266945 0.00755042 0.00508654 0.00836548 0.00779492 0.00310077 0.00847572 0.00424834 0.00888888 1.05248 461.495 -282.558 28.8452 16.4083 5.00868 1.16268 1.4378 0.795618 -0.989158 -1.87118 -1.28741 -5.1774e-14 1.28741 1.87118 0.989158 -0.795618 -1.4378 -1.16268 -5.00868 -16.4083 -28.8452 0.000315302 0.00351563 0.00351563 
data/PF.wav 46.6667 0.048051 0.00605673 0.00296394 0.00537452 0.0031212 0.00820357 0.012351 0.0089201 0.00644448 0.00318711 0.00535733 0.0050034 0.00763032 0.964306 366.803 -281.281 28.6884 14.7279 2.7514 -0.254673 0.869418 0.609618 -0.533877 -0.648052 -0.152327 -5.11899e-14 0.152327 0.648052 0.533877 -0.609618 -0.869418 0.254673 -2.7514 -14.7279 -28.6884 0.000304474 0.00351563 0.00351563 
data/PF.wav 48.3333 0.0432475 0.00561983 0.00246814 0.00580366 0.00215978 0.00801879 0.00827099 0.00732673 0.00636872 0.00248036 0.00461361 0.00355845 0.00640592 0.982558 397.287 -283.876 28.7727 16.4189 5.08996 0.972901 0.679307 0.17253 -0.669176 -0.928669 -0.586155 -5.14785e-14 0.586155 0.928669 0.669176 -0.17253 -0.679307 -0.972901 -5.08996 -16.4189 -28.7727 0.000273114 0.00322266 0.00322266 
data/PF.wav 50 0.0799776 0.00368394 0.00191979 0.00543618 0.00277534 0.00423801 0.00459499 0.00409202 0.0112891 0.00230916 0.00584498 0.00424637 0.0037416 1.07604 370.88 -284.741 27.6467 11.4229 0.253847 -2.67715 -2.80652 -1.60511 -0.891959 -0.862873 -0.643759 -4.9734e-14 0.643759 0.862873 0.891959 1.60511 2.80652 2.67715 -0.253847 -11.4229 -27.6467 0.000201547 0.00527344 0.00527344 
data/PF.wav 51.6667 0.0920298 0.00199697 0.00176874 0.00867858 0.0024196 0.00399131 0.0016566 0.00272843 0.00807677 0.00177562 0.00489519 0.00134198 0.00339191 0.845764 514.008 -288.192 25.576 10.3717 -0.158382 -3.61096 -4.92288 -3.85684 -2.16518 -1.31177 -0.813124 -4.97663e-14 0.813124 1.31177 2.16518 3.85684 4.92288 3.61096 0.158382 -10.3717 -25.576 0.000138404 0.0112305 0.0112305 
data/PF.wav 53.3333 0.0983684 0.00407323 0.00210823 0.00508737 0.00302359 0.0063815 0.00304148 0.00411654 0.012567 0.00240277 0.00753312 0.00358454 0.00461862 0.838425 374.7 -282.97 28.2794 10.5338 -1.53728 -4.48843 -5.12144 -3.39833 -1.08421 -0.128698 -0.132976 -4.8909e-14 0.132976 0.128698 1.08421 3.39833 5.12144 4.48843 1.53728 -10.5338 -28.2794 0.000171996 0.0112305 0.0112305 
data/PF.wav 55 0.101665 0.00693899 0.0018508 0.00838635 0.0028183 0.00207922 0.0034497 0.00319438 0.00935601 0.0017379 0.00395737 0.00172653 0.00341665 1.10871 433.368 -287.151 26.4252 11.584 0.72913 -2.63215 -3.92602 -3.07889 -1.55586 -0.754756 -0.434086 -4.9819e-14 0.434086 0.754756 1.55586 3.07889 3.92602 2.63215 -0.72913 -11.584 -26.4252 0.000150931 0.0106445 0.0106445 
data/PF.wav 56.6667 0.0522261 0.00270914 0.000417662 0.00142088 0.00162926 0.00115823 0.000372886 0.00243901 0.0112365 0.000664199 0.00083131 0.000362138 0.00223331 0.495755 634.029 -291.865 25.221 10.7363 -2.8001 -8.57407 -7.04545 -3.22631 -0.90645 -0.446773 -0.427735 -5.2068e-14 0.427735 0.446773 0.90645 3.22631 7.04545 8.57407 2.8001 -10.7363 -25.221 0.000131611 0.0113281 0.0113281 
data/PF.wav 58.3333 0.0927246 0.00208007 0.00143276 0.00643051 0.00205059 0.00395693 0.00258789 0.00235988 0.00648325 0.0018166 0.00472317 0.00317381 0.00324394 1.09123 365.049 -289.069 25.1693 10.4095 0.568769 -2.43843 -3.55373 -2.93418 -1.98414 -1.61532 -1.15194 -5.0075e-14 1.15194 1.61532 1.98414 2.93418 3.55373 2.43843 -0.568769 -10.4095 -25.1693 0.000118973 0.00878906 0.00878906 
data/PF.wav 60 0.0842473 0.00341621 0.00161415 0.00958686 0.00293956 0.00405718 0.00189528 0.00388021 0.0127277 0.00194656 0.0044583 0.00108938 0.00405543 0.838441 477.796 -284.691 27.8193 10.6252 -2.31645 -6.15061 -6.05792 -3.82693 -1.83243 -1.16615 -0.850248 -5.00984e-14 0.850248 1.16615 1.83243 3.82693 6.05792 6.15061 2.31645 -10.6252 -27.8193 0.00018569 0.0113281 0.0113281 
data/PF.wav 61.6667 0.0985503 0.00347312 0.00238971 0.00695333 0.00271566 0.00651493 0.00382287 0.00397355 0.0072707 0.00513409 0.00929211 0.00542066 0.00491398 1.07479 261.77 -283.177 26.9127 8.80245 -2.79947 -3.3757 -2.2747 -1.75992 -2.12623 -2.49661 -1.77129 -5.00941e-14 1.77129 2.49661 2.12623 1.75992 2.2747 3.3757 2.79947 -8.80245 -26.9127 0.000147382 0.0114258 0.0114258 
data/PF.wav 63.3333 0.088441 0.0086101 0.00279198 0.00962904 0.004694 0.00352093 0.00438969 0.00563221 0.0141894 0.00413252 0.00511111 0.0032314 0.00458327 1.02628 340.973 -280.593 29.5286 11.219 -3.65791 -6.09246 -3.41599 -1.04514 -1.22105 -2.4244 -2.1625 -5.14291e-14 2.1625 2.4244 1.22105 1.04514 3.41599 6.09246 3.65791 -11.219 -29.5286 0.000198457 0.0116211 0.0116211 
data/PF.wav 65 0.058813 0.00136024 0.00163831 0.00457856 0.00363389 0.00271987 0.00120288 0.00221301 0.00455172 0.000929138 0.00170044 0.00113502 0.00224597 0.762204 242.191 -294.804 21.0481 7.73973 -3.86896 -7.3703 -4.14768 -0.143679 0.875284 -0.250764 -0.852183 -5.22943e-14 0.852183 0.250764 -0.875284 0.143679 4.14768 7.3703 3.86896 -7.73973 -21.0481 8.21366e-05 0.00947266 0.00947266 
data/PF.wav 66.6667 0.0607375 0.0020436 0.00112217 0.00300771 0.00228979 0.00570779 0.00805289 0.00440987 0.00265167 0.00164908 0.00237779 0.00135007 0.00663577 0.782994 408.073 -286.69 27.2296 10.011 -2.53319 -4.84133 -3.01916 -2.74191 -2.98952 -1.8999 -0.527198 -5.16275e-14 0.527198 1.8999 2.98952 2.74191 3.01916 4.84133 2.53319 -10.011 -27.2296 0.000155414 0.0100586 0.0100586 
data/PF.wav 68.3333 0.0540471 0.00154293 0.000652102 0.00445487 0.00104865 0.00376837 0.00254305 0.00321898 0.00237562 0.000928049 0.00684313 0.000566051 0.00446207 0.81372 595.276 -289.369 26.7896 12.3037 1.31953 -1.8787 -1.69858 -2.36783 -3.46401 -3.41043 -2.05075 -5.23115e-14 2.05075 3.41043 3.46401 2.36783 1.69858 1.8787 -1.31953 -12.3037 -26.7896 0.000148772 0.0134766 0.0134766 
data/PF.wav 70 0.0612568 0.00205549 0.000920874 0.00436546 0.00156427 0.00608778 0.00756503 0.00363465 0.00212282 0.00142959 0.00325072 0.000815445 0.00635006 0.795805 380.548 -286.754 26.1905 8.08762 -3.35239 -4.17519 -2.42287 -3.16843 -3.92076 -2.6316 -0.884612 -5.12965e-14 0.884612 2.6316 3.92076 3.16843 2.42287 4.17519 3.35239 -8.08762 -26.1905 0.000156652 0.0133789 0.0133789 
data/PF.wav 71.6667 0.0574362 0.00253593 0.00148874 0.00218885 0.00125519 0.0048375 0.00501421 0.00141822 0.00132628 0.0010148 0.00115765 0.00115193 0.00211821 0.914141 484.392 -295.304 20.1611 6.828 -4.36238 -7.95081 -6.09718 -3.7154 -2.82981 -2.46333 -1.51628 -5.24089e-14 1.51628 2.46333 2.82981 3.7154 6.09718 7.95081 4.36238 -6.828 -20.1611 0.000101039 0.0103516 0.0103516 
data/PF.wav 73.3333 0.0403547 0.00499034 0.00372624 0.00445705 0.00361718 0.00410601 0.00511602 0.00464228 0.00351986 0.00278014 0.00332469 0.00468227 0.00483989 0.86925 124.913 -288.164 25.9998 14.2371 2.22525 -4.01946 -3.7233 -0.93568 0.348837 -0.250315 -0.700137 -5.15434e-14 0.700137 0.250315 -0.348837 0.93568 3.7233 4.01946 -2.22525 -14.2371 -25.9998 0.00014358 0.0133789 0.0133789 
data/PF.wav 75 0.0467169 0.0105286 0.00575681 0.0103061 0.00645014 0.00674045 0.0109637 0.00967259 0.0165105 0.00489347 0.00849467 0.00557023 0.0045721 0.988464 388.158 -278.56 27.4656 16.1056 4.80048 -0.0507399 -1.03586 -0.103 0.85763 1.32183 1.04027 -4.92148e-14 -1.04027 -1.32183 -0.85763 0.103 1.03586 0.0507399 -4.80048 -16.1056 -27.4656 0.000477223 0.00175781 0.00175781 
data/PF.wav 76.6667 0.0573062 0.0109755 0.00637158 0.012886 0.00560746 0.00772157 0.0113299 0.010755 0.0142484 0.00508585 0.0103758 0.00633102 0.00518881 0.967734 446.646 -278.943 25.4837 13.8648 5.08458 3.64393 2.88933 2.17814 2.1248 2.27292 1.50406 -4.83684e-14 -1.50406 -2.27292 -2.1248 -2.17814 -2.88933 -3.64393 -5.08458 -13.8648 -25.4837 0.000532196 0.000195313 0.000195313 
data/PF.wav 78.3333 0.0644154 0.0105154 0.00574685 0.00714909 0.0061853 0.00938173 0.00898091 0.00974872 0.0173833 0.00519652 0.00997239 0.00653555 0.00638662 1.02841 400.116 -275.604 29.3188 14.4964 2.86848 -0.214279 -0.549059 0.195705 1.22635 2.0098 1.43262 -4.83589e-14 -1.43262 -2.0098 -1.22635 -0.195705 0.549059 0.214279 -2.86848 -14.4964 -29.3188 0.000437015 0.000683594 0.000683594 
data/PF.wav 80 0.072321 0.0156127 0.00726952 0.0116748 0.00612074 0.00685826 0.0109981 0.0103696 0.0132095 0.00558091 0.0111022 0.0066235 0.00617198 0.922328 383.183 -276.565 26.9608 14.3364 4.69222 3.27985 1.63552 0.547832 1.11264 2.25259 1.94929 -4.77068e-14 -1.94929 -2.25259 -1.11264 -0.547832 -1.63552 -3.27985 -4.69222 -14.3364 -26.9608 0.000454246 0 0 
data/PF.wav 81.6667 0.0301792 0.0101219 0.0049851 0.00516438 0.00594234 0.00535008 0.00953725 0.00908171 0.0134442 0.00406138 0.00704239 0.00569964 0.0042198 1.02077 471.868 -281.158 27.4643 17.2806 6.2818 0.262509 -0.667683 0.651227 2.39575 3.38767 2.55147 -4.93843e-14 -2.55147 -3.38767 -2.39575 -0.651227 0.667683 -0.262509 -6.2818 -17.2806 -27.4643 0.000517152 0.000390625 0.000390625 
data/PF.wav 83.3333 0.0511335 0.0108866 0.00602549 0.00966687 0.00540181 0.00614892 0.011784 0.00985747 0.0124204 0.00486444 0.00946556 0.00743336 0.00509616 0.974107 516.934 -280.976 24.8597 15.0023 6.3811 3.44 2.79811 2.8852 2.72835 2.40568 1.48518 -4.88758e-14 -1.48518 -2.40568 -2.72835 -2.8852 -2.79811 -3.44 -6.3811 -15.0023 -24.8597 0.000514198 0.000585937 0.000585937 
data/PF.wav 85 0.0617425 0.0098065 0.00561574 0.0107315 0.00655486 0.00743442 0.00853032 0.0095602 0.0142777 0.00469244 0.00901408 0.00650217 0.0064153 1.04899 442.673 -277.073 29.0398 14.7834 2.63112 0.176805 0.824427 1.05141 1.31439 1.85471 1.2218 -4.96664e-14 -1.2218 -1.85471 -1.31439 -1.05141 -0.824427 -0.176805 -2.63112 -14.7834 -29.0398 0.00040893 0.000488281 0.000488281 
data/PF.wav 86.6667 0.0710894 0.0127584 0.0103267 0.0120152 0.0105667 0.0114666 0.0133653 0.010461 0.0133209 0.0084367 0.012414 0.00828522 0.00703285 1.01268 507.012 -276.526 25.3314 13.7658 3.45373 3.9732 4.19615 2.72653 2.3058 2.57321 1.70474 -4.90156e-14 -1.70474 -2.57321 -2.3058 -2.72653 -4.19615 -3.9732 -3.45373 -13.7658 -25.3314 0.000497252 0.000292969 0.000292969 
data/PF.wav 88.3333 0.0813138 0.0158489 0.00784965 0.0117302 0.0102425 0.0115354 0.0128198 0.0142389 0.0184683 0.00914929 0.0119939 0.00875103 0.00713611 1.07983 382.941 -269.762 27.814 9.72615 0.889577 4.42133 3.45653 0.12777 0.196955 1.99568 1.94799 -4.58754e-14 -1.94799 -1.99568 -0.196955 -0.12777 -3.45653 -4.42133 -0.889577 -9.72615 -27.814 0.00053294 0.00078125 0.00078125 
data/PF.wav 90 0.0263265 0.00952594 0.00512608 0.00534582 0.00456971 0.00460114 0.00912583 0.00854914 0.00948861 0.00381009 0.00739906 0.00564187 0.00396489 0.890883 590.978 -287.593 22.5894 17.2014 9.62171 4.51031 3.07189 3.3737 3.86945 3.75962 2.43993 -4.99026e-14 -2.43993 -3.75962 -3.86945 -3.3737 -3.07189 -4.51031 -9.62171 -17.2014 -22.5894 0.000480174 0.000195313 0.000195313 
data/PF.wav 91.6667 0.0612489 0.0116454 0.00557783 0.00751255 0.00654837 0.0072764 0.0111669 0.00924051 0.0138508 0.00612069 0.00944389 0.00824573 0.00644219 1.05289 465.176 -278.061 27.8524 16.3293 5.4283 1.15168 -0.398385 0.541202 2.15559 2.5443 1.51234 -4.85042e-14 -1.51234 -2.5443 -2.15559 -0.541202 0.398385 -1.15168 -5.4283 -16.3293 -27.8524 0.000469738 0.000195313 0.000195313 
data/PF.wav 93.3333 0.0599923 0.0106942 0.00753482 0.0144304 0.00585098 0.00789744 0.0105994 0.00964131 0.0121068 0.00614711 0.0107101 0.00667382 0.00536334 0.905245 467.013 -278.456 26.1061 14.7402 5.34962 3.39431 2.20771 1.39702 1.78095 2.02103 1.1374 -4.872e-14 -1.1374 -2.02103 -1.78095 -1.39702 -2.20771 -3.39431 -5.34962 -14.7402 -26.1061 0.000498797 0 0 
data/PF.wav 95 0.0706664 0.0098642 0.00614135 0.0100806 0.00622017 0.011898 0.0118636 0.0101101 0.0144169 0.00639655 0.0124406 0.00880237 0.00680104 1.11709 365.352 -275.32 28.1905 14.0105 3.01296 1.73777 1.29885 0.704542 0.927293 1.08772 0.441579 -4.87758e-14 -0.441579 -1.08772 -0.927293 -0.704542 -1.29885 -1.73777 -3.01296 -14.0105 -28.1905 0.000437572 0.000585937 0.000585937 
data/PF.wav 96.6667 0.0669012 0.013691 0.00676021 0.00970306 0.00620844 0.00656441 0.0107525 0.0104913 0.0137486 0.00583907 0.00940567 0.00693435 0.00549103 0.970197 496.421 -279.632 25.986 15.902 6.20274 3.34848 1.49024 1.40354 2.3988 2.42906 1.38137 -4.85613e-14 -1.38137 -2.42906 -2.3988 -1.40354 -1.49024 -3.34848 -6.20274 -15.902 -25.986 0.000520323 0.000195313 0.000195313 
data/PF.wav 98.3333 0.0327826 0.00540645 0.00197055 0.00276705 0.00194194 0.00299582 0.00354618 0.00583732 0.00439113 0.00211633 0.00322139 0.00414736 0.00713675 0.900498 376.275 -289.871 25.194 14.9252 6.02023 2.86601 3.1314 2.87835 1.21859 -0.307281 -0.632249 -5.17388e-14 0.632249 0.307281 -1.21859 -2.87835 -3.1314 -2.86601 -6.02023 -14.9252 -25.194 0.000242803 0.00273437 0.00273437 
data/PF.wav 100 0.0345826 0.00598989 0.00226262 0.00304133 0.00205333 0.00344465 0.00455644 0.00691551 0.00589488 0.00207706 0.00304131 0.00331131 0.00665438 1.03551 420.028 -286.922 27.3935 14.975 4.94889 2.33727 3.39831 3.01667 0.508895 -1.65718 -1.71797 -5.21145e-14 1.71797 1.65718 -0.508895 -3.01667 -3.39831 -2.33727 -4.94889 -14.975 -27.3935 0.000268171 0.00332031 0.00332031 
data/PF.wav 101.667 0.0281288 0.00531319 0.00201236 0.0026544 0.00174696 0.0026714 0.00398336 0.00653012 0.00456207 0.00176017 0.00284384 0.00414408 0.00549071 0.827477 446.726 -292.63 22.5947 14.898 7.796 4.67332 4.11342 3.254 1.32072 -0.32332 -0.690621 -5.17464e-14 0.690621 0.32332 -1.32072 -3.254 -4.11342 -4.67332 -7.796 -14.898 -22.5947 0.000269939 0.00244141 0.00244141 
data/PF.wav 103.333 0.0464676 0.00585342 0.00301728 0.0037022 0.00411016 0.00530715 0.00467344 0.0109333 0.00645543 0.00356469 0.00330242 0.0053077 0.0114552 1.05508 299.521 -280.591 29.5565 13.8117 3.28883 1.8558 2.78407 2.12535 0.150871 -1.47074 -1.57391 -5.0606e-14 1.57391 1.47074 -0.150871 -2.12535 -2.78407 -1.8558 -3.28883 -13.8117 -29.5565 0.000313573 0.00380859 0.00380859 
data/PF.wav 105 0.03849 0.00552246 0.00227686 0.00359827 0.00191512 0.00282801 0.00389834 0.00515713 0.00562912 0.00205274 0.00382702 0.00477358 0.00565967 0.969507 421.022 -290.885 24.0563 14.8181 6.90382 4.58718 4.73797 3.51469 1.11299 -0.405504 -0.548492 -5.18794e-14 0.548492 0.405504 -1.11299 -3.51469 -4.73797 -4.58718 -6.90382 -14.8181 -24.0563 0.000243169 0.00322266 0.00322266 
data/PF.wav 106.667 0.0268589 0.00427866 0.00234138 0.00324343 0.00192602 0.00317247 0.00451156 0.00613528 0.00502572 0.00189037 0.00309759 0.00351097 0.00489131 0.974005 513.056 -293.248 22.1976 15.2501 8.36688 4.98411 4.36081 3.81218 2.20179 0.479291 -0.259924 -5.16284e-14 0.259924 -0.479291 -2.20179 -3.81218 -4.36081 -4.98411 -8.36688 -15.2501 -22.1976 0.000265916 0.00302734 0.00302734 
data/PF.wav 108.333 0.0335698 0.00587844 0.00257694 0.00328765 0.00228193 0.00354528 0.00465795 0.00769564 0.00558334 0.00280033 0.0039273 0.00463624 0.00737877 0.918459 391.358 -288.917 24.1493 14.3931 6.45111 3.99068 3.84358 2.8621 1.14658 -0.122081 -0.437373 -5.12297e-14 0.437373 0.122081 -1.14658 -2.8621 -3.84358 -3.99068 -6.45111 -14.3931 -24.1493 0.000277431 0.00078125 0.00078125 
data/PF.wav 110 0.0344875 0.0059662 0.00228123 0.0027092 0.00203749 0.00392567 0.00490565 0.00652881 0.00496923 0.00230961 0.00309691 0.00360951 0.00668198 0.917124 416.833 -291.111 23.4502 15.1493 7.33384 3.99669 3.51475 2.69983 0.808568 -0.665964 -0.836561 -5.17988e-14 0.836561 0.665964 -0.808568 -2.69983 -3.51475 -3.99669 -7.33384 -15.1493 -23.4502 0.000250343 0.00205078 0.00205078 
data/PF.wav 111.667 0.0377647 0.00492453 0.00252172 0.00352378 0.00322351 0.00421511 0.00473567 0.00683344 0.00450218 0.0031723 0.00443766 0.00433962 0.00764541 0.815028 390.14 -288.798 24.662 14.7898 6.42629 3.69917 3.5631 2.63078 0.841688 -0.505055 -0.74155 -5.15147e-14 0.74155 0.505055 -0.841688 -2.63078 -3.5631 -3.69917 -6.42629 -14.7898 -24.662 0.000250348 0.000878906 0.000878906 
data/PF.wav 113.333 0.0297609 0.0064936 0.00234579 0.00306562 0.00181848 0.00279006 0.00476221 0.00627883 0.00589765 0.0018183 0.00289504 0.00358061 0.00339904 1.06415 474.458 -293.739 21.8845 15.6604 9.45152 6.03626 4.62246 3.41527 1.75846 0.361324 -0.197311 -5.14805e-14 0.197311 -0.361324 -1.75846 -3.41527 -4.62246 -6.03626 -9.45152 -15.6604 -21.8845 0.000281247 0.00273437 0.00273437 
data/PF.wav 115 0.0336677 0.00455497 0.00209515 0.00643327 0.00235126 0.00273759 0.00381994 0.0084435 0.00860103 0.00207085 0.00525954 0.004136 0.00610718 0.871297 404.464 -287.98 24.7122 14.1783 5.27451 2.49977 3.11922 3.10699 1.95376 0.715643 0.0520102 -5.1157e-14 -0.0520102 -0.715643 -1.95376 -3.10699 -3.11922 -2.49977 -5.27451 -14.1783 -24.7122 0.000274984 0.00322266 0.00322266 
data/PF.wav 116.667 0.0387469 0.00413133 0.00268719 0.00704631 0.00261997 0.00365402 0.00331362 0.00823221 0.00912682 0.00227153 0.00475772 0.00382476 0.00604144 0.870447 378.222 -285.41 26.8297 14.1608 4.05036 1.13645 1.68377 1.60594 0.936744 0.493287 0.217842 -5.08652e-14 -0.217842 -0.493287 -0.936744 -1.60594 -1.68377 -1.13645 -4.05036 -14.1608 -26.8297 0.0002428 0.00351563 0.00351563 
data/PF.wav 118.333 0.0344433 0.00473434 0.00245491 0.00464221 0.00340739 0.00346022 0.00369106 0.00786455 0.0084025 0.00259818 0.00410639 0.00456027 0.00816582 0.838766 372.443 -286.224 26.4661 14.9661 4.8178 1.36128 2.06677 2.4027 1.64383 0.900409 0.438926 -5.10988e-14 -0.438926 -0.900409 -1.64383 -2.4027 -2.06677 -1.36128 -4.8178 -14.9661 -26.4661 0.000268551 0.00332031 0.00332031 
data/PF.wav 120 0.0419099 0.00487599 0.00300771 0.00529024 0.00314391 0.00345815 0.00454108 0.00939472 0.00927296 0.00247735 0.00458542 0.00403389 0.00626817 0.957647 419.268 -285.634 26.6076 14.4448 3.51743 0.251338 1.99501 3.14489 2.2399 0.709083 -0.0971952 -5.1475e-14 0.0971952 -0.709083 -2.2399 -3.14489 -1.99501 -0.251338 -3.51743 -14.4448 -26.6076 0.000279809 0.00371094 0.00371094 
data/PF.wav 121.667 0.0397314 0.00478241 0.00226446 0.00585579 0.00249411 0.00310526 0.00381505 0.00785218 0.0079873 0.00243486 0.00503711 0.00460549 0.0070917 0.866633 390.498 -287.56 25.722 15.3816 5.56176 1.61763 1.78289 1.88742 1.06825 0.343321 0.063284 -5.14225e-14 -0.063284 -0.343321 -1.06825 -1.88742 -1.78289 -1.61763 -5.56176 -15.3816 -25.722 0.000266504 0.00332031 0.00332031 
data/PF.wav 123.333 0.0499235 0.0048032 0.00322359 0.00764468 0.00321712 0.00429648 0.00448025 0.00779003 0.0085388 0.00355995 0.00574976 0.00442693 0.00727049 0.89045 383.277 -284.621 26.3989 13.7736 3.62982 1.42893 2.55381 1.94939 0.445986 -0.045488 0.0634354 -5.11554e-14 -0.0634354 0.045488 -0.445986 -1.94939 -2.55381 -1.42893 -3.62982 -13.7736 -26.3989 0.000238246 0.00361328 0.00361328 
data/PF.wav 125 0.0493542 0.0057862 0.00328139 0.00545884 0.0035828 0.00486045 0.00514646 0.00803924 0.009197 0.00348937 0.00516302 0.00532078 0.00743734 0.858304 388.263 -285.105 25.9206 14.0222 3.39775 0.749647 2.57876 2.85678 1.50182 0.836492 0.66614 -5.13065e-14 -0.66614 -0.836492 -1.50182 -2.85678 -2.57876 -0.749647 -3.39775 -14.0222 -25.9206 0.000265549 0.00341797 0.00341797 
data/PF.wav 126.667 0.0518136 0.00561673 0.00356519 0.00609689 0.00357072 0.00484091 0.00568518 0.0101543 0.0101803 0.00389753 0.00542643 0.00507716 0.00755952 0.949422 397.948 -283.394 26.9026 14.421 3.08715 0.126711 2.03335 2.5631 1.1332 -0.103736 -0.358828 -5.15971e-14 0.358828 0.103736 -1.1332 -2.5631 -2.03335 -0.126711 -3.08715 -14.421 -26.9026 0.000285255 0.00371094 0.00371094 
data/PF.wav 128.333 0.0656873 0.00302998 0.00191425 0.00534847 0.0027296 0.00363239 0.00202698 0.00451482 0.00570474 0.00269027 0.00445419 0.00302745 0.00585967 0.866741 232.101 -290.105 23.4042 9.97301 -0.0403036 -1.74895 -0.182141 -0.0552641 -0.733198 -0.812458 -0.453632 -5.16212e-14 0.453632 0.812458 0.733198 0.0552641 0.182141 1.74895 0.0403036 -9.97301 -23.4042 0.00013187 0.00634766 0.00634766 
data/PF.wav 130 0.0722831 0.00115825 0.000944486 0.00443571 0.00154101 0.00254698 0.000809937 0.00409788 0.002576 0.00124575 0.00262801 0.00134918 0.00444803 0.84732 176.722 -294.271 20.2863 6.8048 -0.896782 -0.677927 0.843891 0.156896 -1.04089 -1.39324 -0.981598 -5.14453e-14 0.981598 1.39324 1.04089 -0.156896 -0.843891 0.677927 0.896782 -6.8048 -20.2863 7.89472e-05 0.0116211 0.0116211 
data/PF.wav 131.667 0.0680255 0.000915664 0.000802586 0.00234125 0.00160043 0.00228112 0.000579929 0.00341593 0.00216706 0.00120602 0.00124929 0.00106436 0.00596723 0.734206 252.039 -295.583 20.4175 8.52689 0.70023 -0.0513127 1.19044 0.514071 -0.895725 -1.20112 -0.646235 -5.18873e-14 0.646235 1.20112 0.895725 -0.514071 -1.19044 0.0513127 -0.70023 -8.52689 -20.4175 7.64685e-05 0.0116211 0.0116211 
